#Cycle	-3	-2	-1	1	2	3
1	0	0	0	0	0	0
2	0	0	0.000181267056726518	0	0	0
3	0	0	0.000951652047814221	0.000725068226906073	0	0
4	0	0	0.00108760234035911	0.000861018519450962	0	0
5	0	1.00703920403621e-05	0.000861018519450962	0.000815701755269333	1.00703920403621e-05	0
6	0	1.00703920403621e-05	0.00094661685179404	0.000936546459753678	1.00703920403621e-05	0
7	0	0	0.000981863223935308	0.000916405675672954	0	0
8	0	0	0.000936546459753678	0.0010372503801573	1.00703920403621e-05	0
9	0	0	0.000986898419955489	0.00104228557617748	0	0
10	0	2.01407840807243e-05	0.000976828027915127	0.000886194499551868	0	0
11	0	0	0.00103221518413712	0.0010372503801573	1.00703920403621e-05	0
12	0	0	0.00102214479209676	0.000981863223935308	1.00703920403621e-05	0
13	0	2.01407840807243e-05	0.000956687243834402	0.00102717998811694	0	0
14	0	0	0.000825772147309695	0.00102717998811694	0	0
15	0	0	0.000906335283632592	0.000941581655773859	0	0
16	0	0	0.000986898419955489	0.0010372503801573	0	0
17	0	1.00703920403621e-05	0.000976828027915127	0.000996968811995851	0	0
18	0	0	0.00089626489159223	0.00089626489159223	1.00703920403621e-05	0
19	0	2.01407840807243e-05	0.000941581655773859	0.000921440871693135	0	0
20	0	0	0.000911370479652773	0.000951652047814221	1.00703920403621e-05	0
21	0	1.00703920403621e-05	0.000996968811995851	0.000926476067713316	0	0
22	0	1.00703920403621e-05	0.00105235596821784	0.000956687243834402	1.00703920403621e-05	0
23	0	1.00703920403621e-05	0.000911370479652773	0.00107753194831875	0	0
24	0	0	0.000966757635874765	0.000916405675672954	0	0
25	0	1.00703920403621e-05	0.00110270792841965	0.00099193361597567	0	0
26	0	0	0.0010372503801573	0.00108760234035911	1.00703920403621e-05	0
27	0	0	0.000871088911491324	0.000936546459753678	1.00703920403621e-05	0
28	0	1.00703920403621e-05	0.000996968811995851	0.000996968811995851	1.00703920403621e-05	0
29	0	0	0.000976828027915127	0.00105739116423802	1.00703920403621e-05	0
30	0	1.00703920403621e-05	0.00110270792841965	0.000876124107511505	0	0
31	0	0	0.000906335283632592	0.000971792831894946	0	0
32	0	2.01407840807243e-05	0.00100200400801603	0.000926476067713316	0	0
33	0	0	0.00108256714433893	0.000866053715471143	3.02111761210864e-05	0
34	0	0	0.0010624263602582	0.000906335283632592	1.00703920403621e-05	0
35	0	0	0.000891229695572049	0.0010372503801573	1.00703920403621e-05	0
36	0	1.00703920403621e-05	0.000855983323430781	0.000986898419955489	1.00703920403621e-05	0
37	0	1.00703920403621e-05	0.00108256714433893	0.000981863223935308	0	0
38	0	1.00703920403621e-05	0.00107249675229857	0.00100703920403621	1.00703920403621e-05	0
39	0	0	0.0010372503801573	0.00094661685179404	0	0
40	0	1.00703920403621e-05	0.000911370479652773	0.000921440871693135	0	0
41	0	2.01407840807243e-05	0.000911370479652773	0.000866053715471143	1.00703920403621e-05	0
42	0	0	0.000941581655773859	0.000815701755269333	1.00703920403621e-05	0
43	0	0	0.000861018519450962	0.000961722439854584	0	0
44	0	0	0.000911370479652773	0.00099193361597567	1.00703920403621e-05	0
45	0	0	0.000956687243834402	0.00100200400801603	0	0
46	0	1.00703920403621e-05	0.000961722439854584	0.00100703920403621	1.00703920403621e-05	0
47	0	0	0.000951652047814221	0.000951652047814221	0	0
48	0	1.00703920403621e-05	0.000926476067713316	0.00106746155627839	0	0
49	0	1.00703920403621e-05	0.000956687243834402	0.00101710959607658	0	0
50	0	1.00703920403621e-05	0.000855983323430781	0.00104228557617748	0	0
51	0	0	0.000986898419955489	0.00100703920403621	0	0
52	0	0	0.000886194499551868	0.000936546459753678	1.00703920403621e-05	0
53	0	1.00703920403621e-05	0.000966757635874765	0.00099193361597567	0	0
54	0	0	0.000941581655773859	0.000971792831894946	1.00703920403621e-05	0
55	0	1.00703920403621e-05	0.00111277832046002	0.000916405675672954	1.00703920403621e-05	0
56	0	0	0.000881159303531687	0.00109767273239947	0	0
57	0	0	0.000981863223935308	0.00094661685179404	0	0
58	0	1.00703920403621e-05	0.000916405675672954	0.000901300087612411	0	0
59	0	0	0.00105235596821784	0.00107249675229857	1.00703920403621e-05	0
60	0	1.00703920403621e-05	0.00104228557617748	0.000936546459753678	0	0
61	0	0	0.00101207440005639	0.00101710959607658	1.00703920403621e-05	0
62	0	2.01407840807243e-05	0.000891229695572049	0.00104732077219766	0	0
63	0	1.00703920403621e-05	0.000956687243834402	0.00103221518413712	0	0
64	0	0	0.000840877735370238	0.00105235596821784	0	0
65	0	1.00703920403621e-05	0.00101710959607658	0.00109263753637929	1.00703920403621e-05	0
66	0	0	0.000916405675672954	0.00094661685179404	0	0
67	0	0	0.00103221518413712	0.00104732077219766	1.00703920403621e-05	0
68	0	3.02111761210864e-05	0.00101710959607658	0.000916405675672954	0	0
69	0	1.00703920403621e-05	0.000966757635874765	0.00102717998811694	0	0
70	0	0	0.000966757635874765	0.000921440871693135	1.00703920403621e-05	0
71	0	0	0.000921440871693135	0.000916405675672954	2.01407840807243e-05	0
72	0	0	0.0010624263602582	0.00101207440005639	0	0
73	0	1.00703920403621e-05	0.000906335283632592	0.000926476067713316	1.00703920403621e-05	0
74	0	0	0.00108256714433893	0.000971792831894946	0	0
75	0	1.00703920403621e-05	0.00109767273239947	0.00099193361597567	0	0
76	0	0	0.000941581655773859	0.000886194499551868	0	0
77	0	0	0.000961722439854584	0.00104228557617748	0	0
78	0	0	0.0008509481274106	0.000956687243834402	0	0
79	0	0	0.000906335283632592	0.00101207440005639	0	0
80	0	0	0.00106746155627839	0.000845912931390419	0	0
81	0	0	0.000941581655773859	0.000906335283632592	0	0
82	0	2.01407840807243e-05	0.000926476067713316	0.00101207440005639	2.01407840807243e-05	0
83	0	0	0.00099193361597567	0.000996968811995851	0	0
84	0	1.00703920403621e-05	0.000931511263733497	0.000876124107511505	1.00703920403621e-05	0
85	0	0	0.00105235596821784	0.00104228557617748	2.01407840807243e-05	0
86	0	1.00703920403621e-05	0.000941581655773859	0.000835842539350057	1.00703920403621e-05	0
87	0	0	0.00103221518413712	0.00109263753637929	0	0
88	0	0	0.0011429894965811	0.000986898419955489	0	0
89	0	2.01407840807243e-05	0.000840877735370238	0.00099193361597567	0	0
90	0	1.00703920403621e-05	0.00108760234035911	0.000906335283632592	1.00703920403621e-05	0
91	0	1.00703920403621e-05	0.000971792831894946	0.00104228557617748	0	0
92	0	0	0.00112788390852056	0.00108256714433893	0	0
93	0	1.00703920403621e-05	0.00102214479209676	0.000825772147309695	0	0
94	0	1.00703920403621e-05	0.000956687243834402	0.000881159303531687	0	0
95	0	0	0.000830807343329876	0.00102214479209676	0	0
96	0	0	0.00100200400801603	0.000976828027915127	2.01407840807243e-05	0
97	0	3.02111761210864e-05	0.00099193361597567	0.000931511263733497	1.00703920403621e-05	0
98	0	2.01407840807243e-05	0.000866053715471143	0.00102717998811694	1.00703920403621e-05	0
99	0	1.00703920403621e-05	0.000996968811995851	0.00104228557617748	0	0
100	0	0	0.000961722439854584	0.000876124107511505	0	0
101	0	0	0.000956687243834402	0.00107249675229857	2.01407840807243e-05	0
102	0	0	0.000921440871693135	0.000996968811995851	1.00703920403621e-05	0
103	0	0	0.000941581655773859	0.000976828027915127	0	0
104	0	0	0.000986898419955489	0.000941581655773859	0	0
105	0	0	0.000966757635874765	0.000981863223935308	0	0
106	0	0	0.000911370479652773	0.00099193361597567	0	0
107	0	0	0.000926476067713316	0.000956687243834402	2.01407840807243e-05	0
108	0	0	0.000961722439854584	0.00100703920403621	1.00703920403621e-05	0
109	0	1.00703920403621e-05	0.00108256714433893	0.00108256714433893	1.00703920403621e-05	0
110	0	0	0.00089626489159223	0.00104732077219766	0	0
111	0	0	0.00105739116423802	0.000951652047814221	0	0
112	0	1.00703920403621e-05	0.000951652047814221	0.000921440871693135	0	0
113	0	0	0.000866053715471143	0.00099193361597567	0	0
114	0	0	0.000916405675672954	0.00105739116423802	1.00703920403621e-05	0
115	0	0	0.00100200400801603	0.000866053715471143	1.00703920403621e-05	0
116	0	2.01407840807243e-05	0.000971792831894946	0.000966757635874765	0	0
117	0	0	0.00105739116423802	0.000941581655773859	0	0
118	0	1.00703920403621e-05	0.000861018519450962	0.000936546459753678	0	0
119	0	4.02815681614485e-05	0.00089626489159223	0.00089626489159223	2.01407840807243e-05	0
120	0	0	0.0010372503801573	0.00107249675229857	0	0
121	0	3.02111761210864e-05	0.00105739116423802	0.00108760234035911	2.01407840807243e-05	0
122	0	1.00703920403621e-05	0.000866053715471143	0.0008509481274106	0	0
123	0	1.00703920403621e-05	0.000916405675672954	0.000941581655773859	1.00703920403621e-05	0
124	0	0	0.00099193361597567	0.000901300087612411	1.00703920403621e-05	0
125	0	0	0.00106746155627839	0.000916405675672954	1.00703920403621e-05	0
126	0	0	0.000971792831894946	0.000976828027915127	3.02111761210864e-05	0
127	0	2.01407840807243e-05	0.00101710959607658	0.000891229695572049	0	0
128	0	3.02111761210864e-05	0.00105739116423802	0.000926476067713316	0	0
129	0	0	0.000916405675672954	0.000921440871693135	0	0
130	0	0	0.000936546459753678	0.00105235596821784	0	0
131	0	1.00703920403621e-05	0.000936546459753678	0.000931511263733497	0	0
132	0	0	0.000981863223935308	0.000941581655773859	0	0
133	0	0	0.00101207440005639	0.000936546459753678	0	0
134	0	1.00703920403621e-05	0.00104732077219766	0.000981863223935308	2.01407840807243e-05	0
135	0	1.00703920403621e-05	0.00100703920403621	0.00100703920403621	3.02111761210864e-05	0
136	0	0	0.000926476067713316	0.000966757635874765	0	0
137	0	0	0.000941581655773859	0.000996968811995851	1.00703920403621e-05	0
138	0	0	0.000936546459753678	0.00094661685179404	0	0
139	0	0	0.000996968811995851	0.000931511263733497	0	0
140	0	0	0.00102214479209676	0.000916405675672954	1.00703920403621e-05	0
141	0	0	0.00089626489159223	0.000911370479652773	1.00703920403621e-05	0
142	0	1.00703920403621e-05	0.00109767273239947	0.00094661685179404	0	1.51055880605432e-05
143	0	0	0.000931511263733497	0.00104228557617748	2.01407840807243e-05	0
144	0	0	0.00108256714433893	0.000956687243834402	1.00703920403621e-05	0
145	0	0	0.000931511263733497	0.00101207440005639	0	0
146	0	1.00703920403621e-05	0.000936546459753678	0.00094661685179404	0	0
147	0	1.00703920403621e-05	0.00100200400801603	0.000951652047814221	1.00703920403621e-05	0
148	0	2.01407840807243e-05	0.00100703920403621	0.000956687243834402	0	0
149	0	1.00703920403621e-05	0.0011429894965811	0.00094661685179404	0	0
150	0	1.00703920403621e-05	0.000951652047814221	0.000825772147309695	0	0
151	0	1.00703920403621e-05	0.0010372503801573	0.00099193361597567	3.02111761210864e-05	0
152	0	1.00703920403621e-05	0.000901300087612411	0.00102717998811694	0	0
153	0	0	0.000840877735370238	0.00112284871250038	0	0
154	0	1.00703920403621e-05	0.000916405675672954	0.000941581655773859	1.00703920403621e-05	0
155	0	1.00703920403621e-05	0.000961722439854584	0.000936546459753678	1.00703920403621e-05	0
156	0	2.01407840807243e-05	0.000926476067713316	0.00099193361597567	0	0
157	0	0	0.000966757635874765	0.000881159303531687	0	0
158	0	2.01407840807243e-05	0.0010372503801573	0.000916405675672954	1.00703920403621e-05	0
159	0	2.01407840807243e-05	0.000886194499551868	0.000941581655773859	1.00703920403621e-05	0
160	0	1.00703920403621e-05	0.000795560971188608	0.000926476067713316	0	0
161	0	0	0.000951652047814221	0.000956687243834402	0	0
162	0	0	0.000845912931390419	0.00102717998811694	0	0
163	0	1.00703920403621e-05	0.000986898419955489	0.000966757635874765	2.01407840807243e-05	0
164	0	0	0.000845912931390419	0.000906335283632592	0	0
165	0	0	0.000871088911491324	0.00105739116423802	0	0
166	0	1.00703920403621e-05	0.000986898419955489	0.000931511263733497	1.00703920403621e-05	0
167	0	0	0.000936546459753678	0.000966757635874765	1.00703920403621e-05	0
168	0	1.00703920403621e-05	0.000941581655773859	0.00101207440005639	0	0
169	0	0	0.000760314599047341	0.000961722439854584	1.00703920403621e-05	0
170	0	0	0.000956687243834402	0.000845912931390419	1.00703920403621e-05	0
171	0	0	0.000956687243834402	0.00094661685179404	1.00703920403621e-05	0
172	0	1.00703920403621e-05	0.000881159303531687	0.000921440871693135	2.01407840807243e-05	0
173	0	1.00703920403621e-05	0.00107249675229857	0.00104732077219766	0	0
174	0	0	0.00100703920403621	0.000770384991087703	0	0
175	0	1.00703920403621e-05	0.000931511263733497	0.00100200400801603	0	0
176	0	0	0.0010372503801573	0.000971792831894946	0	0
177	0	1.00703920403621e-05	0.000971792831894946	0.000876124107511505	0	0
178	0	0	0.000871088911491324	0.00102717998811694	2.01407840807243e-05	0
179	0	2.01407840807243e-05	0.00101207440005639	0.000981863223935308	1.00703920403621e-05	0
180	0	0	0.000871088911491324	0.000986898419955489	2.01407840807243e-05	0
181	0	0	0.000931511263733497	0.00101710959607658	0	0
182	0	2.01407840807243e-05	0.0010624263602582	0.00115305988862146	0	0
183	0	1.00703920403621e-05	0.000901300087612411	0.000961722439854584	0	0
184	0	1.00703920403621e-05	0.000855983323430781	0.000921440871693135	0	0
185	0	0	0.00094661685179404	0.000876124107511505	0	0
186	0	2.01407840807243e-05	0.000926476067713316	0.000886194499551868	3.02111761210864e-05	0
187	0	0	0.000986898419955489	0.000996968811995851	0	0
188	0	0	0.000891229695572049	0.0010372503801573	0	0
189	0	2.01407840807243e-05	0.00080563136322897	0.00100200400801603	3.02111761210864e-05	0
190	0	0	0.00105739116423802	0.000911370479652773	2.01407840807243e-05	0
191	0	0	0.000931511263733497	0.00108760234035911	0	0
192	0	0	0.000921440871693135	0.000871088911491324	2.01407840807243e-05	0
193	0	0	0.000835842539350057	0.00119334145678291	0	0
194	0	1.00703920403621e-05	0.00101207440005639	0.000921440871693135	0	0
195	0	1.00703920403621e-05	0.00105235596821784	0.00102214479209676	0	0
196	0	1.00703920403621e-05	0.00110270792841965	0.000981863223935308	0	0
197	0	0	0.00089626489159223	0.000966757635874765	0	0
198	0	0	0.000951652047814221	0.000931511263733497	1.00703920403621e-05	0
199	0	2.01407840807243e-05	0.000926476067713316	0.000971792831894946	1.00703920403621e-05	0
200	0	0	0.000906335283632592	0.00094661685179404	1.00703920403621e-05	0
201	0	0	0.000961722439854584	0.000936546459753678	2.01407840807243e-05	0
202	0	0	0.000976828027915127	0.000906335283632592	0	0
203	0	0	0.000936546459753678	0.00102214479209676	2.01407840807243e-05	0
204	0	1.00703920403621e-05	0.000961722439854584	0.00104228557617748	0	0
205	0	2.01407840807243e-05	0.000886194499551868	0.000996968811995851	1.00703920403621e-05	0
206	0	1.00703920403621e-05	0.000971792831894946	0.000976828027915127	3.02111761210864e-05	0
207	0	1.00703920403621e-05	0.000911370479652773	0.000996968811995851	1.00703920403621e-05	0
208	0	1.00703920403621e-05	0.000891229695572049	0.000986898419955489	1.00703920403621e-05	0
209	0	1.00703920403621e-05	0.000916405675672954	0.000951652047814221	1.00703920403621e-05	0
210	0	1.00703920403621e-05	0.00089626489159223	0.000871088911491324	1.00703920403621e-05	0
211	0	3.02111761210864e-05	0.000901300087612411	0.0008509481274106	1.00703920403621e-05	0
212	0	0	0.00106746155627839	0.00100200400801603	1.00703920403621e-05	0
213	0	1.00703920403621e-05	0.00094661685179404	0.000926476067713316	0	0
214	0	2.01407840807243e-05	0.000906335283632592	0.00104228557617748	1.00703920403621e-05	0
215	0	0	0.000871088911491324	0.000891229695572049	1.00703920403621e-05	0
216	0	1.00703920403621e-05	0.000861018519450962	0.00100200400801603	0	0
217	0	1.00703920403621e-05	0.000976828027915127	0.000961722439854584	1.00703920403621e-05	0
218	0	0	0.00101710959607658	0.000956687243834402	0	0
219	0	1.00703920403621e-05	0.000891229695572049	0.00101207440005639	0	0
220	0	0	0.00103221518413712	0.000956687243834402	0	0
221	0	1.00703920403621e-05	0.000961722439854584	0.00101710959607658	0	0
222	0	1.00703920403621e-05	0.000921440871693135	0.00108256714433893	0	0
223	0	2.01407840807243e-05	0.000891229695572049	0.000986898419955489	2.01407840807243e-05	0
224	0	0	0.00110774312443983	0.000996968811995851	1.00703920403621e-05	0
225	0	3.02111761210864e-05	0.00094661685179404	0.00094661685179404	0	0
226	0	0	0.000951652047814221	0.00099193361597567	0	0
227	0	1.00703920403621e-05	0.000916405675672954	0.00104732077219766	0	0
228	0	1.00703920403621e-05	0.00094661685179404	0.0008509481274106	1.00703920403621e-05	0
229	0	0	0.000921440871693135	0.0010624263602582	2.01407840807243e-05	0
230	0	1.00703920403621e-05	0.000956687243834402	0.00100703920403621	1.00703920403621e-05	0
231	0	2.01407840807243e-05	0.000936546459753678	0.000921440871693135	1.00703920403621e-05	0
232	0	0	0.000911370479652773	0.000936546459753678	1.00703920403621e-05	0
233	0	0	0.000966757635874765	0.00101207440005639	0	0
234	0	0	0.00107249675229857	0.000891229695572049	1.00703920403621e-05	0
235	0	1.00703920403621e-05	0.000901300087612411	0.00104228557617748	0	0
236	0	1.00703920403621e-05	0.000916405675672954	0.000921440871693135	0	0
237	0	2.01407840807243e-05	0.000916405675672954	0.00110774312443983	1.00703920403621e-05	0
238	0	0	0.0010372503801573	0.00112788390852056	0	0
239	0	0	0.00094661685179404	0.000971792831894946	1.00703920403621e-05	0
240	0	4.02815681614485e-05	0.00102717998811694	0.000840877735370238	1.00703920403621e-05	0
241	0	1.00703920403621e-05	0.00103221518413712	0.000861018519450962	2.01407840807243e-05	0
242	0	1.00703920403621e-05	0.000996968811995851	0.000855983323430781	0	0
243	0	3.02111761210864e-05	0.00104228557617748	0.000931511263733497	0	0
244	0	0	0.00105739116423802	0.000871088911491324	0	0
245	0	0	0.000906335283632592	0.000981863223935308	0	0
246	0	0	0.000971792831894946	0.00105739116423802	0	0
247	0	1.00703920403621e-05	0.000906335283632592	0.00105739116423802	1.00703920403621e-05	0
248	0	1.00703920403621e-05	0.00099193361597567	0.000916405675672954	0	0
249	0	3.02111761210864e-05	0.000906335283632592	0.000971792831894946	0	0
250	0	0	0.000891229695572049	0.000976828027915127	1.00703920403621e-05	0
251	0	1.00703920403621e-05	0.000971792831894946	0.000976828027915127	2.01407840807243e-05	0
252	0	0	0.000966757635874765	0.000986898419955489	1.00703920403621e-05	0
253	0	0	0.000866053715471143	0.00099193361597567	3.02111761210864e-05	0
254	0	0	0.00105739116423802	0.000941581655773859	0	0
255	0	1.00703920403621e-05	0.000901300087612411	0.0008509481274106	1.00703920403621e-05	1.51055880605432e-05
256	0	2.01407840807243e-05	0.000921440871693135	0.000961722439854584	1.00703920403621e-05	0
257	0	0	0.000941581655773859	0.00094661685179404	0	0
258	0	0	0.000936546459753678	0.000906335283632592	1.00703920403621e-05	0
259	0	0	0.00107249675229857	0.000951652047814221	1.00703920403621e-05	0
260	0	0	0.000861018519450962	0.000981863223935308	1.00703920403621e-05	0
261	0	1.00703920403621e-05	0.00106746155627839	0.000916405675672954	0	0
262	0	0	0.000931511263733497	0.000996968811995851	2.01407840807243e-05	0
263	0	0	0.000876124107511505	0.000981863223935308	3.02111761210864e-05	0
264	0	0	0.000886194499551868	0.000871088911491324	0	0
265	0	0	0.000901300087612411	0.000840877735370238	0	0
266	0	1.00703920403621e-05	0.000976828027915127	0.000931511263733497	0	0
267	0	1.00703920403621e-05	0.0010624263602582	0.00099193361597567	0	0
268	0	0	0.000976828027915127	0.000936546459753678	0	0
269	0	2.01407840807243e-05	0.00089626489159223	0.000956687243834402	0	0
270	0	2.01407840807243e-05	0.00101207440005639	0.00107753194831875	0	0
271	0	1.00703920403621e-05	0.000941581655773859	0.000996968811995851	0	0
272	0	0	0.000996968811995851	0.00110270792841965	0	0
273	0	0	0.000966757635874765	0.000961722439854584	1.00703920403621e-05	0
274	0	1.00703920403621e-05	0.000941581655773859	0.00102214479209676	1.00703920403621e-05	0
275	0	0	0.00104228557617748	0.000971792831894946	0	0
276	0	1.00703920403621e-05	0.000941581655773859	0.00094661685179404	2.01407840807243e-05	0
277	0	0	0.00099193361597567	0.000921440871693135	0	0
278	0	2.01407840807243e-05	0.0010624263602582	0.000901300087612411	1.00703920403621e-05	0
279	0	0	0.000926476067713316	0.00116313028066183	0	0
280	0	0	0.00089626489159223	0.00104228557617748	1.00703920403621e-05	0
281	0	0	0.00101710959607658	0.000931511263733497	2.01407840807243e-05	0
282	0	0	0.000951652047814221	0.000986898419955489	1.00703920403621e-05	0
283	0	1.00703920403621e-05	0.000825772147309695	0.00101207440005639	1.00703920403621e-05	0
284	0	1.00703920403621e-05	0.00105235596821784	0.000976828027915127	1.00703920403621e-05	0
285	0	0	0.000981863223935308	0.00103221518413712	1.00703920403621e-05	0
286	0	1.00703920403621e-05	0.000871088911491324	0.000906335283632592	0	0
287	0	1.00703920403621e-05	0.000936546459753678	0.000961722439854584	0	0
288	0	0	0.00104228557617748	0.000891229695572049	0	0
289	0	0	0.00094661685179404	0.00104228557617748	1.00703920403621e-05	0
290	0	0	0.000961722439854584	0.000916405675672954	0	0
291	0	1.00703920403621e-05	0.000986898419955489	0.000921440871693135	0	0
292	0	3.02111761210864e-05	0.000976828027915127	0.00110774312443983	2.01407840807243e-05	0
293	0	1.00703920403621e-05	0.00105739116423802	0.000981863223935308	0	0
294	0	0	0.000951652047814221	0.000871088911491324	0	0
295	0	0	0.00101207440005639	0.000951652047814221	0	0
296	0	0	0.000876124107511505	0.00106746155627839	0	0
297	0	1.00703920403621e-05	0.000866053715471143	0.000996968811995851	0	0
298	0	1.00703920403621e-05	0.0010624263602582	0.000956687243834402	0	0
299	0	1.00703920403621e-05	0.000971792831894946	0.000941581655773859	0	0
300	0	0	0.00100703920403621	0.000971792831894946	0	0
301	0	3.02111761210864e-05	0.000871088911491324	0.00103221518413712	0	0
302	0	1.00703920403621e-05	0.000936546459753678	0.000699892246805168	0	0
303	0	1.00703920403621e-05	0.000845912931390419	0.00094661685179404	0	0
304	0	1.00703920403621e-05	0.000876124107511505	0.000966757635874765	0	0
305	0	1.00703920403621e-05	0.000981863223935308	0.000941581655773859	2.01407840807243e-05	0
306	0	1.00703920403621e-05	0.00102214479209676	0.0010624263602582	1.00703920403621e-05	0
307	0	0	0.00108256714433893	0.00101207440005639	0	0
308	0	0	0.000996968811995851	0.000971792831894946	0	0
309	0	0	0.00101710959607658	0.00089626489159223	1.00703920403621e-05	0
310	0	1.00703920403621e-05	0.000981863223935308	0.00089626489159223	3.02111761210864e-05	0
311	0	1.00703920403621e-05	0.00094661685179404	0.000891229695572049	1.00703920403621e-05	0
312	0	1.00703920403621e-05	0.000886194499551868	0.000921440871693135	0	1.51055880605432e-05
313	0	1.00703920403621e-05	0.00104228557617748	0.0010624263602582	1.00703920403621e-05	0
314	0	0	0.000876124107511505	0.000976828027915127	2.01407840807243e-05	0
315	0	1.00703920403621e-05	0.000986898419955489	0.000981863223935308	1.00703920403621e-05	0
316	0	0	0.000996968811995851	0.000981863223935308	0	0
317	0	1.00703920403621e-05	0.000986898419955489	0.00105739116423802	0	0
318	0	1.00703920403621e-05	0.00103221518413712	0.0010372503801573	2.01407840807243e-05	0
319	0	3.02111761210864e-05	0.000996968811995851	0.000881159303531687	0	0
320	0	0	0.000810666559249152	0.000956687243834402	1.00703920403621e-05	0
321	0	1.00703920403621e-05	0.000845912931390419	0.00101710959607658	0	0
322	0	1.00703920403621e-05	0.000911370479652773	0.000916405675672954	0	0
323	0	1.00703920403621e-05	0.000981863223935308	0.000835842539350057	0	0
324	0	0	0.00101207440005639	0.000916405675672954	1.00703920403621e-05	0
325	0	0	0.00113291910454074	0.000956687243834402	0	0
326	0	1.00703920403621e-05	0.000931511263733497	0.000901300087612411	1.00703920403621e-05	0
327	0	1.00703920403621e-05	0.00100200400801603	0.000936546459753678	1.00703920403621e-05	0
328	0	0	0.00108256714433893	0.000871088911491324	1.00703920403621e-05	0
329	0	2.01407840807243e-05	0.000976828027915127	0.000996968811995851	1.00703920403621e-05	0
330	0	0	0.00100703920403621	0.000916405675672954	0	0
331	0	1.00703920403621e-05	0.000976828027915127	0.000966757635874765	0	0
332	0	0	0.0010624263602582	0.00100200400801603	3.02111761210864e-05	0
333	0	0	0.00104228557617748	0.000956687243834402	1.00703920403621e-05	0
334	0	1.00703920403621e-05	0.000911370479652773	0.00105235596821784	2.01407840807243e-05	0
335	0	0	0.000931511263733497	0.00101710959607658	0	0
336	0	0	0.0011429894965811	0.00080563136322897	0	0
337	0	1.00703920403621e-05	0.000986898419955489	0.00107753194831875	1.00703920403621e-05	0
338	0	1.00703920403621e-05	0.00103221518413712	0.00102717998811694	0	0
339	0	1.00703920403621e-05	0.00112788390852056	0.000956687243834402	0	0
340	0	0	0.000901300087612411	0.000936546459753678	1.00703920403621e-05	0
341	0	0	0.000951652047814221	0.00101710959607658	1.00703920403621e-05	0
342	0	0	0.000966757635874765	0.00100200400801603	0	0
343	0	0	0.00107249675229857	0.00099193361597567	0	0
344	0	1.00703920403621e-05	0.00104228557617748	0.0010624263602582	0	0
345	0	0	0.000961722439854584	0.0010624263602582	2.01407840807243e-05	0
346	0	1.00703920403621e-05	0.000906335283632592	0.00102717998811694	3.02111761210864e-05	0
347	0	2.01407840807243e-05	0.00112284871250038	0.00106746155627839	1.00703920403621e-05	0
348	0	0	0.000891229695572049	0.00101207440005639	1.00703920403621e-05	0
349	0	2.01407840807243e-05	0.00101207440005639	0.000986898419955489	1.00703920403621e-05	0
350	0	1.00703920403621e-05	0.000981863223935308	0.000986898419955489	0	0
351	0	0	0.00104732077219766	0.000956687243834402	0	0
352	0	0	0.000961722439854584	0.00111277832046002	1.00703920403621e-05	0
353	0	2.01407840807243e-05	0.00101710959607658	0.00106746155627839	2.01407840807243e-05	0
354	0	1.00703920403621e-05	0.000906335283632592	0.000981863223935308	0	0
355	0	1.00703920403621e-05	0.00105739116423802	0.00094661685179404	1.00703920403621e-05	0
356	0	0	0.000845912931390419	0.00105235596821784	1.00703920403621e-05	0
357	0	0	0.000835842539350057	0.00103221518413712	2.01407840807243e-05	0
358	0	2.01407840807243e-05	0.00104732077219766	0.000981863223935308	0	0
359	0	2.01407840807243e-05	0.000956687243834402	0.00109767273239947	0	0
360	0	2.01407840807243e-05	0.00089626489159223	0.00112788390852056	0	0
361	0	0	0.000926476067713316	0.000966757635874765	1.00703920403621e-05	0
362	0	0	0.00102214479209676	0.00109263753637929	0	0
363	0	1.00703920403621e-05	0.000996968811995851	0.00100200400801603	1.00703920403621e-05	0
364	0	0	0.00111277832046002	0.000986898419955489	2.01407840807243e-05	0
365	0	3.02111761210864e-05	0.000876124107511505	0.0010624263602582	0	0
366	0	1.00703920403621e-05	0.000866053715471143	0.00107249675229857	0	0
367	0	2.01407840807243e-05	0.000891229695572049	0.00107753194831875	0	0
368	0	0	0.00109263753637929	0.00100703920403621	0	0
369	0	1.00703920403621e-05	0.00100200400801603	0.000921440871693135	0	0
370	0	0	0.00089626489159223	0.00094661685179404	1.00703920403621e-05	0
371	0	1.00703920403621e-05	0.00101710959607658	0.000901300087612411	1.00703920403621e-05	0
372	0	0	0.000996968811995851	0.000986898419955489	1.00703920403621e-05	0
373	0	0	0.000951652047814221	0.00111277832046002	0	0
374	0	0	0.000931511263733497	0.00109767273239947	1.00703920403621e-05	0
375	0	1.00703920403621e-05	0.000941581655773859	0.000966757635874765	0	0
376	0	0	0.000931511263733497	0.00105235596821784	0	0
377	0	1.00703920403621e-05	0.000830807343329876	0.0010372503801573	0	0
378	0	2.01407840807243e-05	0.000921440871693135	0.000976828027915127	1.00703920403621e-05	0
379	0	0	0.00102717998811694	0.000855983323430781	0	0
380	0	0	0.000981863223935308	0.000971792831894946	0	0
381	0	1.00703920403621e-05	0.00094661685179404	0.000921440871693135	1.00703920403621e-05	0
382	0	1.00703920403621e-05	0.00100703920403621	0.00100200400801603	1.00703920403621e-05	0
383	0	0	0.00110774312443983	0.000916405675672954	0	0
384	0	1.00703920403621e-05	0.000976828027915127	0.00099193361597567	1.00703920403621e-05	0
385	0	0	0.000986898419955489	0.00100200400801603	0	0
386	0	0	0.00102214479209676	0.00104228557617748	0	0
387	0	0	0.00089626489159223	0.000956687243834402	0	0
388	0	1.00703920403621e-05	0.000911370479652773	0.00094661685179404	0	0
389	0	0	0.000976828027915127	0.000971792831894946	0	0
390	0	0	0.000981863223935308	0.000916405675672954	2.01407840807243e-05	0
391	0	1.00703920403621e-05	0.00109263753637929	0.00101207440005639	0	0
392	0	0	0.000926476067713316	0.00080563136322897	1.00703920403621e-05	0
393	0	2.01407840807243e-05	0.000861018519450962	0.000911370479652773	0	0
394	0	0	0.000876124107511505	0.000881159303531687	0	0
395	0	1.00703920403621e-05	0.000684786658744625	0.000699892246805168	0	0
396	0	1.00703920403621e-05	0.000740173814966617	0.000644505090583176	0	0
397	0	0	0.000201407840807243	0	0	0
398	0	0	0	0	0	0
399	0	0	0	0	0	0
400	0	0	0	0	0	0
401	0	0	0	0	0	0
402	0	0	0.000166161468665975	0	0	0
403	0	0	0.000760314599047341	0.000725068226906073	0	0
404	0	1.00703920403621e-05	0.000891229695572049	0.000906335283632592	0	0
405	0	0	0.000931511263733497	0.00102717998811694	0	0
406	0	0	0.000866053715471143	0.00102214479209676	2.01407840807243e-05	0
407	0	2.01407840807243e-05	0.000976828027915127	0.00099193361597567	0	0
408	0	0	0.0011429894965811	0.000961722439854584	0	0
409	0	1.00703920403621e-05	0.000996968811995851	0.00108760234035911	2.01407840807243e-05	0
410	0	2.01407840807243e-05	0.000961722439854584	0.000941581655773859	2.01407840807243e-05	0
411	0	0	0.000911370479652773	0.000916405675672954	1.00703920403621e-05	0
412	0	0	0.000790525775168427	0.00112284871250038	0	0
413	0	0	0.00110774312443983	0.000986898419955489	1.00703920403621e-05	0
414	0	0	0.000926476067713316	0.00100200400801603	1.00703920403621e-05	0
415	0	0	0.00100703920403621	0.000976828027915127	0	0
416	0	1.00703920403621e-05	0.000901300087612411	0.00102214479209676	0	0
417	0	0	0.000855983323430781	0.00103221518413712	0	0
418	0	0	0.000916405675672954	0.000976828027915127	0	0
419	0	1.00703920403621e-05	0.00106746155627839	0.000951652047814221	0	0
420	0	1.00703920403621e-05	0.00107753194831875	0.00100703920403621	0	0
421	0	0	0.00107753194831875	0.00103221518413712	1.00703920403621e-05	0
422	0	0	0.000876124107511505	0.000981863223935308	2.01407840807243e-05	0
423	0	1.00703920403621e-05	0.000906335283632592	0.00100200400801603	1.00703920403621e-05	0
424	0	1.00703920403621e-05	0.000986898419955489	0.000966757635874765	1.00703920403621e-05	0
425	0	3.02111761210864e-05	0.000916405675672954	0.000966757635874765	0	0
426	0	1.00703920403621e-05	0.00110774312443983	0.00100200400801603	2.01407840807243e-05	0
427	0	0	0.00101710959607658	0.000941581655773859	1.00703920403621e-05	0
428	0	0	0.000926476067713316	0.000956687243834402	0	0
429	0	2.01407840807243e-05	0.000981863223935308	0.00103221518413712	0	0
430	0	1.00703920403621e-05	0.00101710959607658	0.000855983323430781	0	0
431	0	0	0.00094661685179404	0.000871088911491324	2.01407840807243e-05	0
432	0	0	0.00099193361597567	0.000996968811995851	2.01407840807243e-05	0
433	0	2.01407840807243e-05	0.000951652047814221	0.00101207440005639	1.00703920403621e-05	0
434	0	0	0.000775420187107884	0.000941581655773859	2.01407840807243e-05	0
435	0	0	0.000986898419955489	0.00102214479209676	1.00703920403621e-05	0
436	0	0	0.00101207440005639	0.00102717998811694	2.01407840807243e-05	0
437	0	1.00703920403621e-05	0.0008509481274106	0.00102214479209676	1.00703920403621e-05	0
438	0	0	0.00109263753637929	0.000941581655773859	0	0
439	0	0	0.000835842539350057	0.000941581655773859	1.00703920403621e-05	0
440	0	0	0.00101710959607658	0.00101710959607658	0	0
441	0	1.00703920403621e-05	0.000891229695572049	0.000921440871693135	2.01407840807243e-05	0
442	0	0	0.0010372503801573	0.00101207440005639	0	0
443	0	1.00703920403621e-05	0.000886194499551868	0.000981863223935308	0	0
444	0	1.00703920403621e-05	0.000941581655773859	0.000886194499551868	0	0
445	0	1.00703920403621e-05	0.000971792831894946	0.000956687243834402	0	0
446	0	0	0.000906335283632592	0.00103221518413712	0	0
447	0	0	0.00114802469260128	0.0010624263602582	0	0
448	0	1.00703920403621e-05	0.00103221518413712	0.00103221518413712	0	0
449	0	0	0.00104732077219766	0.000855983323430781	2.01407840807243e-05	0
450	0	1.00703920403621e-05	0.000936546459753678	0.000820736951289514	0	0
451	0	1.00703920403621e-05	0.00104732077219766	0.000881159303531687	1.00703920403621e-05	0
452	0	0	0.00104732077219766	0.000941581655773859	0	0
453	0	3.02111761210864e-05	0.00109767273239947	0.000866053715471143	0	0
454	0	1.00703920403621e-05	0.000901300087612411	0.000921440871693135	3.02111761210864e-05	0
455	0	0	0.000951652047814221	0.000881159303531687	0	0
456	0	1.00703920403621e-05	0.000840877735370238	0.00108256714433893	1.00703920403621e-05	0
457	0	0	0.00107753194831875	0.000891229695572049	1.00703920403621e-05	0
458	0	2.01407840807243e-05	0.000966757635874765	0.00110774312443983	1.00703920403621e-05	0
459	0	0	0.000936546459753678	0.000871088911491324	0	0
460	0	1.00703920403621e-05	0.00094661685179404	0.000825772147309695	0	0
461	0	2.01407840807243e-05	0.00102214479209676	0.00105739116423802	0	0
462	0	1.00703920403621e-05	0.000961722439854584	0.000981863223935308	1.00703920403621e-05	0
463	0	3.02111761210864e-05	0.000886194499551868	0.000901300087612411	0	0
464	0	2.01407840807243e-05	0.000981863223935308	0.000941581655773859	0	0
465	0	1.00703920403621e-05	0.00101207440005639	0.000951652047814221	0	0
466	0	0	0.00105235596821784	0.000916405675672954	0	0
467	0	1.00703920403621e-05	0.00106746155627839	0.0010372503801573	0	0
468	0	2.01407840807243e-05	0.000996968811995851	0.00099193361597567	0	0
469	0	0	0.00101710959607658	0.000986898419955489	0	0
470	0	0	0.000961722439854584	0.000921440871693135	0	0
471	1.51055880605432e-05	0	0.00118327106474255	0.000941581655773859	1.00703920403621e-05	0
472	0	1.00703920403621e-05	0.00101207440005639	0.000926476067713316	0	0
473	0	0	0.000916405675672954	0.000996968811995851	1.00703920403621e-05	0
474	0	0	0.000956687243834402	0.000961722439854584	2.01407840807243e-05	0
475	0	0	0.000951652047814221	0.000996968811995851	1.00703920403621e-05	0
476	0	2.01407840807243e-05	0.000921440871693135	0.00103221518413712	1.00703920403621e-05	0
477	0	1.00703920403621e-05	0.000981863223935308	0.00102214479209676	1.00703920403621e-05	0
478	0	0	0.00103221518413712	0.00103221518413712	1.00703920403621e-05	0
479	0	0	0.000916405675672954	0.000976828027915127	0	0
480	0	0	0.000981863223935308	0.0008509481274106	1.00703920403621e-05	0
481	0	1.00703920403621e-05	0.000961722439854584	0.000871088911491324	1.00703920403621e-05	0
482	0	2.01407840807243e-05	0.000861018519450962	0.000951652047814221	1.00703920403621e-05	0
483	0	0	0.000976828027915127	0.00094661685179404	0	0
484	0	3.02111761210864e-05	0.000996968811995851	0.000921440871693135	2.01407840807243e-05	0
485	0	1.00703920403621e-05	0.00105739116423802	0.000926476067713316	1.00703920403621e-05	0
486	0	1.00703920403621e-05	0.00109263753637929	0.000926476067713316	0	0
487	0	1.00703920403621e-05	0.000976828027915127	0.00112788390852056	0	0
488	0	1.00703920403621e-05	0.000886194499551868	0.00094661685179404	0	0
489	0	1.00703920403621e-05	0.000871088911491324	0.00103221518413712	1.00703920403621e-05	0
490	0	2.01407840807243e-05	0.000835842539350057	0.000976828027915127	0	0
491	0	2.01407840807243e-05	0.000936546459753678	0.000966757635874765	0	0
492	0	1.00703920403621e-05	0.00107753194831875	0.000866053715471143	0	0
493	0	0	0.000876124107511505	0.00108760234035911	0	0
494	0	2.01407840807243e-05	0.00100200400801603	0.00107249675229857	2.01407840807243e-05	0
495	0	1.00703920403621e-05	0.00100703920403621	0.00103221518413712	0	0
496	0	0	0.0010624263602582	0.000936546459753678	1.00703920403621e-05	0
497	0	0	0.000906335283632592	0.0010372503801573	1.00703920403621e-05	0
498	0	0	0.00105235596821784	0.00101207440005639	1.00703920403621e-05	0
499	0	0	0.000976828027915127	0.000825772147309695	0	0
500	0	3.02111761210864e-05	0.000976828027915127	0.00105739116423802	0	0
501	0	0	0.00103221518413712	0.00100703920403621	1.00703920403621e-05	0
502	0	0	0.000986898419955489	0.000926476067713316	0	0
503	0	1.00703920403621e-05	0.00103221518413712	0.000996968811995851	2.01407840807243e-05	0
504	0	0	0.000996968811995851	0.00103221518413712	0	0
505	0	0	0.00094661685179404	0.000961722439854584	0	0
506	0	0	0.000971792831894946	0.00106746155627839	1.00703920403621e-05	0
507	0	0	0.000936546459753678	0.00102214479209676	1.00703920403621e-05	0
508	0	0	0.000886194499551868	0.00120341184882327	2.01407840807243e-05	0
509	0	0	0.00103221518413712	0.000956687243834402	1.00703920403621e-05	0
510	0	2.01407840807243e-05	0.0011429894965811	0.000936546459753678	0	0
511	0	0	0.000891229695572049	0.00094661685179404	0	0
512	0	0	0.0010624263602582	0.000825772147309695	0	0
513	0	0	0.000911370479652773	0.000906335283632592	0	0
514	0	2.01407840807243e-05	0.000961722439854584	0.00105739116423802	0	0
515	0	2.01407840807243e-05	0.000926476067713316	0.000926476067713316	0	0
516	0	1.00703920403621e-05	0.00104228557617748	0.000916405675672954	1.00703920403621e-05	0
517	0	1.00703920403621e-05	0.000941581655773859	0.000891229695572049	0	1.51055880605432e-05
518	0	1.00703920403621e-05	0.000931511263733497	0.00108760234035911	1.00703920403621e-05	0
519	0	1.00703920403621e-05	0.000951652047814221	0.000981863223935308	0	0
520	0	0	0.000971792831894946	0.000986898419955489	0	0
521	0	0	0.00089626489159223	0.000906335283632592	3.02111761210864e-05	0
522	0	1.00703920403621e-05	0.00108256714433893	0.00099193361597567	0	0
523	0	0	0.00107249675229857	0.000966757635874765	2.01407840807243e-05	0
524	0	1.00703920403621e-05	0.000966757635874765	0.00100703920403621	0	0
525	0	1.00703920403621e-05	0.000966757635874765	0.000936546459753678	1.00703920403621e-05	0
526	0	1.00703920403621e-05	0.000886194499551868	0.000986898419955489	0	0
527	0	2.01407840807243e-05	0.000956687243834402	0.000921440871693135	1.00703920403621e-05	0
528	0	0	0.000971792831894946	0.000861018519450962	1.00703920403621e-05	0
529	0	0	0.000936546459753678	0.000956687243834402	0	0
530	0	1.00703920403621e-05	0.000855983323430781	0.000996968811995851	1.00703920403621e-05	0
531	0	0	0.00099193361597567	0.00102717998811694	0	0
532	0	0	0.00100200400801603	0.000966757635874765	1.00703920403621e-05	0
533	0	0	0.000966757635874765	0.000941581655773859	0	0
534	0	0	0.00100200400801603	0.000961722439854584	1.00703920403621e-05	0
535	0	0	0.00103221518413712	0.00102717998811694	1.00703920403621e-05	0
536	0	1.00703920403621e-05	0.00099193361597567	0.000916405675672954	0	0
537	0	1.00703920403621e-05	0.000981863223935308	0.000951652047814221	0	0
538	0	2.01407840807243e-05	0.000911370479652773	0.00102214479209676	0	0
539	0	1.00703920403621e-05	0.00101710959607658	0.000941581655773859	0	0
540	0	1.00703920403621e-05	0.000931511263733497	0.000936546459753678	0	0
541	0	1.00703920403621e-05	0.000951652047814221	0.000956687243834402	1.00703920403621e-05	0
542	0	0	0.000996968811995851	0.00105739116423802	0	0
543	0	0	0.000911370479652773	0.000866053715471143	1.00703920403621e-05	0
544	0	2.01407840807243e-05	0.000976828027915127	0.000835842539350057	0	0
545	0	2.01407840807243e-05	0.000916405675672954	0.000976828027915127	0	0
546	0	1.00703920403621e-05	0.000961722439854584	0.000976828027915127	0	0
547	0	0	0.00105739116423802	0.00099193361597567	0	0
548	0	0	0.000866053715471143	0.000931511263733497	2.01407840807243e-05	0
549	0	0	0.00100703920403621	0.000966757635874765	0	0
550	0	0	0.000926476067713316	0.00102214479209676	0	0
551	0	1.00703920403621e-05	0.000886194499551868	0.000961722439854584	0	0
552	0	1.00703920403621e-05	0.00100200400801603	0.000815701755269333	0	0
553	0	1.00703920403621e-05	0.000986898419955489	0.00102717998811694	2.01407840807243e-05	0
554	0	1.00703920403621e-05	0.00105235596821784	0.00104732077219766	1.00703920403621e-05	0
555	0	0	0.000881159303531687	0.00108760234035911	0	0
556	1.51055880605432e-05	3.02111761210864e-05	0.00101207440005639	0.000871088911491324	1.00703920403621e-05	0
557	0	0	0.00099193361597567	0.000866053715471143	0	0
558	0	0	0.00101207440005639	0.000926476067713316	1.00703920403621e-05	0
559	0	2.01407840807243e-05	0.00101207440005639	0.000916405675672954	1.00703920403621e-05	0
560	0	2.01407840807243e-05	0.000961722439854584	0.00101710959607658	1.00703920403621e-05	0
561	0	0	0.000916405675672954	0.00100200400801603	0	0
562	0	2.01407840807243e-05	0.000911370479652773	0.000981863223935308	0	0
563	0	0	0.00101207440005639	0.000830807343329876	1.00703920403621e-05	0
564	0	0	0.0010372503801573	0.000901300087612411	0	0
565	0	1.00703920403621e-05	0.00104732077219766	0.0010372503801573	2.01407840807243e-05	0
566	0	1.00703920403621e-05	0.000931511263733497	0.000981863223935308	0	0
567	0	0	0.000971792831894946	0.000861018519450962	1.00703920403621e-05	0
568	0	2.01407840807243e-05	0.00105739116423802	0.000931511263733497	0	0
569	0	1.00703920403621e-05	0.00104732077219766	0.000971792831894946	0	0
570	0	0	0.00102214479209676	0.000921440871693135	2.01407840807243e-05	0
571	0	1.00703920403621e-05	0.000986898419955489	0.000916405675672954	0	0
572	0	0	0.000886194499551868	0.00094661685179404	0	0
573	0	1.00703920403621e-05	0.000921440871693135	0.00105235596821784	0	0
574	0	1.00703920403621e-05	0.000871088911491324	0.000936546459753678	1.00703920403621e-05	0
575	0	1.00703920403621e-05	0.000866053715471143	0.00094661685179404	0	0
576	0	0	0.0010372503801573	0.000956687243834402	1.00703920403621e-05	0
577	0	3.02111761210864e-05	0.00107753194831875	0.00105739116423802	1.00703920403621e-05	0
578	0	0	0.000981863223935308	0.000951652047814221	0	0
579	0	2.01407840807243e-05	0.00101710959607658	0.00103221518413712	0	0
580	0	2.01407840807243e-05	0.000901300087612411	0.000996968811995851	2.01407840807243e-05	0
581	0	0	0.000861018519450962	0.000986898419955489	2.01407840807243e-05	0
582	0	0	0.000951652047814221	0.00101207440005639	1.00703920403621e-05	0
583	0	0	0.00103221518413712	0.00102717998811694	1.00703920403621e-05	0
584	0	3.02111761210864e-05	0.000795560971188608	0.000931511263733497	0	0
585	0	2.01407840807243e-05	0.000971792831894946	0.00104732077219766	0	0
586	0	1.00703920403621e-05	0.0008509481274106	0.000971792831894946	0	0
587	0	0	0.000916405675672954	0.000951652047814221	1.00703920403621e-05	0
588	0	0	0.00101710959607658	0.00100200400801603	0	0
589	0	0	0.000911370479652773	0.0010624263602582	1.00703920403621e-05	0
590	0	1.00703920403621e-05	0.000881159303531687	0.00101710959607658	1.00703920403621e-05	0
591	0	1.00703920403621e-05	0.00110270792841965	0.00100703920403621	1.00703920403621e-05	0
592	0	0	0.000886194499551868	0.000881159303531687	0	0
593	0	1.00703920403621e-05	0.000911370479652773	0.00102717998811694	0	0
594	0	0	0.000881159303531687	0.00102717998811694	0	0
595	0	1.00703920403621e-05	0.000911370479652773	0.000916405675672954	1.00703920403621e-05	0
596	0	2.01407840807243e-05	0.000926476067713316	0.00104732077219766	0	0
597	0	0	0.00101710959607658	0.00100200400801603	1.00703920403621e-05	0
598	0	0	0.000866053715471143	0.000971792831894946	0	0
599	0	1.00703920403621e-05	0.00107753194831875	0.000996968811995851	1.00703920403621e-05	0
600	0	0	0.00103221518413712	0.00101710959607658	0	0
601	0	1.00703920403621e-05	0.000941581655773859	0.000876124107511505	2.01407840807243e-05	0
602	0	0	0.000911370479652773	0.00108256714433893	0	0
603	0	0	0.000986898419955489	0.000931511263733497	0	0
604	0	0	0.000981863223935308	0.00100200400801603	0	0
605	0	0	0.00107753194831875	0.00101207440005639	2.01407840807243e-05	0
606	0	1.00703920403621e-05	0.000906335283632592	0.000996968811995851	0	0
607	0	0	0.00101207440005639	0.000951652047814221	0	0
608	0	1.00703920403621e-05	0.000941581655773859	0.000941581655773859	0	0
609	0	0	0.000881159303531687	0.00103221518413712	0	0
610	0	1.00703920403621e-05	0.000996968811995851	0.00104228557617748	0	0
611	0	1.00703920403621e-05	0.000956687243834402	0.000951652047814221	1.00703920403621e-05	0
612	0	0	0.0008509481274106	0.000931511263733497	2.01407840807243e-05	0
613	0	1.00703920403621e-05	0.000996968811995851	0.000996968811995851	0	0
614	0	0	0.00104228557617748	0.0010624263602582	0	0
615	0	0	0.000941581655773859	0.000966757635874765	0	0
616	0	0	0.00089626489159223	0.000931511263733497	0	0
617	0	1.00703920403621e-05	0.00094661685179404	0.00094661685179404	0	0
618	0	4.02815681614485e-05	0.000931511263733497	0.00101207440005639	1.00703920403621e-05	0
619	0	1.00703920403621e-05	0.00105235596821784	0.00099193361597567	0	0
620	0	0	0.000981863223935308	0.00104732077219766	0	0
621	0	2.01407840807243e-05	0.000830807343329876	0.000931511263733497	0	0
622	0	1.00703920403621e-05	0.00102717998811694	0.00100703920403621	0	0
623	0	2.01407840807243e-05	0.00104228557617748	0.00102717998811694	0	0
624	0	1.00703920403621e-05	0.00101710959607658	0.000986898419955489	0	0
625	0	0	0.00102214479209676	0.000901300087612411	1.00703920403621e-05	0
626	0	0	0.0008509481274106	0.000936546459753678	0	0
627	0	0	0.000976828027915127	0.00100703920403621	0	0
628	0	0	0.00094661685179404	0.000921440871693135	0	0
629	0	0	0.0010372503801573	0.000981863223935308	0	0
630	0	1.00703920403621e-05	0.000986898419955489	0.000966757635874765	3.02111761210864e-05	0
631	0	0	0.000775420187107884	0.000981863223935308	0	0
632	0	0	0.00099193361597567	0.00100703920403621	0	0
633	0	1.00703920403621e-05	0.00094661685179404	0.000976828027915127	0	0
634	0	0	0.000921440871693135	0.000861018519450962	3.02111761210864e-05	0
635	0	1.00703920403621e-05	0.00106746155627839	0.000981863223935308	0	0
636	0	1.00703920403621e-05	0.000966757635874765	0.000986898419955489	1.00703920403621e-05	0
637	0	0	0.00094661685179404	0.00100200400801603	0	0
638	0	2.01407840807243e-05	0.000795560971188608	0.000886194499551868	2.01407840807243e-05	0
639	0	1.00703920403621e-05	0.000986898419955489	0.000976828027915127	1.00703920403621e-05	0
640	0	1.00703920403621e-05	0.00101207440005639	0.00112788390852056	0	0
641	0	1.00703920403621e-05	0.000971792831894946	0.000916405675672954	0	0
642	0	0	0.000966757635874765	0.000961722439854584	1.00703920403621e-05	0
643	0	0	0.000956687243834402	0.00101207440005639	0	0
644	0	2.01407840807243e-05	0.00102717998811694	0.00099193361597567	1.00703920403621e-05	0
645	0	0	0.000780455383128065	0.0008509481274106	2.01407840807243e-05	0
646	0	1.00703920403621e-05	0.00103221518413712	0.000931511263733497	0	0
647	0	0	0.000936546459753678	0.000820736951289514	3.02111761210864e-05	0
648	0	0	0.0008509481274106	0.00103221518413712	0	0
649	0	0	0.000926476067713316	0.000936546459753678	0	0
650	0	0	0.00112788390852056	0.000996968811995851	0	0
651	0	0	0.00105739116423802	0.00102717998811694	0	0
652	0	0	0.00094661685179404	0.00101710959607658	1.00703920403621e-05	0
653	0	1.00703920403621e-05	0.00110774312443983	0.00089626489159223	0	0
654	0	0	0.00101710959607658	0.000911370479652773	1.00703920403621e-05	0
655	0	0	0.00104228557617748	0.000971792831894946	1.00703920403621e-05	0
656	0	0	0.00104732077219766	0.000941581655773859	1.00703920403621e-05	0
657	0	2.01407840807243e-05	0.000911370479652773	0.000881159303531687	2.01407840807243e-05	0
658	0	0	0.000906335283632592	0.0010624263602582	0	0
659	0	0	0.00104732077219766	0.000926476067713316	2.01407840807243e-05	0
660	0	1.00703920403621e-05	0.000861018519450962	0.000926476067713316	1.00703920403621e-05	0
661	0	0	0.000951652047814221	0.00101710959607658	0	0
662	0	0	0.000921440871693135	0.00109263753637929	0	0
663	0	4.02815681614485e-05	0.000966757635874765	0.000951652047814221	0	0
664	0	1.00703920403621e-05	0.000951652047814221	0.00101207440005639	0	0
665	0	1.00703920403621e-05	0.000931511263733497	0.000956687243834402	0	0
666	0	1.00703920403621e-05	0.00111277832046002	0.00103221518413712	0	0
667	0	2.01407840807243e-05	0.00106746155627839	0.000996968811995851	0	0
668	0	1.00703920403621e-05	0.000891229695572049	0.000956687243834402	1.00703920403621e-05	0
669	0	2.01407840807243e-05	0.000936546459753678	0.000986898419955489	1.00703920403621e-05	0
670	0	0	0.000986898419955489	0.00100703920403621	0	0
671	0	0	0.000961722439854584	0.000961722439854584	1.00703920403621e-05	0
672	0	1.00703920403621e-05	0.00094661685179404	0.00105235596821784	2.01407840807243e-05	0
673	0	1.00703920403621e-05	0.00101710959607658	0.00103221518413712	0	0
674	0	1.00703920403621e-05	0.000936546459753678	0.000966757635874765	0	0
675	0	0	0.000876124107511505	0.000866053715471143	1.00703920403621e-05	0
676	0	4.02815681614485e-05	0.00108256714433893	0.000951652047814221	2.01407840807243e-05	0
677	0	2.01407840807243e-05	0.00102214479209676	0.00110270792841965	0	0
678	0	1.00703920403621e-05	0.000986898419955489	0.000976828027915127	1.00703920403621e-05	0
679	0	0	0.00101207440005639	0.000981863223935308	1.00703920403621e-05	0
680	0	1.00703920403621e-05	0.000971792831894946	0.000876124107511505	1.00703920403621e-05	0
681	0	0	0.000871088911491324	0.000986898419955489	1.00703920403621e-05	0
682	0	0	0.0008509481274106	0.000971792831894946	1.00703920403621e-05	0
683	0	0	0.000881159303531687	0.000961722439854584	1.00703920403621e-05	0
684	0	3.02111761210864e-05	0.000886194499551868	0.00102214479209676	1.00703920403621e-05	0
685	0	0	0.000886194499551868	0.000981863223935308	0	0
686	0	0	0.000926476067713316	0.000976828027915127	0	0
687	0	1.00703920403621e-05	0.000931511263733497	0.00110774312443983	0	0
688	0	0	0.00107249675229857	0.000986898419955489	2.01407840807243e-05	0
689	0	2.01407840807243e-05	0.00100200400801603	0.000956687243834402	0	0
690	0	2.01407840807243e-05	0.00089626489159223	0.00109767273239947	0	0
691	0	0	0.000921440871693135	0.000941581655773859	0	0
692	0	1.00703920403621e-05	0.000926476067713316	0.00103221518413712	0	0
693	0	0	0.000931511263733497	0.000956687243834402	1.00703920403621e-05	0
694	0	0	0.000986898419955489	0.00099193361597567	2.01407840807243e-05	0
695	0	0	0.00107753194831875	0.000956687243834402	3.02111761210864e-05	0
696	0	0	0.000986898419955489	0.0011429894965811	1.00703920403621e-05	0
697	0	0	0.000971792831894946	0.00109767273239947	0	0
698	0	1.00703920403621e-05	0.000800596167208789	0.000976828027915127	0	0
699	0	0	0.00102214479209676	0.00100703920403621	0	0
700	0	0	0.000886194499551868	0.000976828027915127	1.00703920403621e-05	0
701	0	0	0.00101207440005639	0.00100703920403621	1.00703920403621e-05	0
702	0	2.01407840807243e-05	0.000891229695572049	0.000956687243834402	0	0
703	0	0	0.00101710959607658	0.000966757635874765	0	0
704	0	0	0.00099193361597567	0.000986898419955489	0	0
705	0	2.01407840807243e-05	0.000936546459753678	0.000981863223935308	2.01407840807243e-05	0
706	0	2.01407840807243e-05	0.00100703920403621	0.000921440871693135	0	0
707	0	1.00703920403621e-05	0.00110774312443983	0.00111277832046002	1.00703920403621e-05	0
708	0	2.01407840807243e-05	0.00102214479209676	0.000845912931390419	2.01407840807243e-05	0
709	0	0	0.000966757635874765	0.000845912931390419	0	0
710	0	1.00703920403621e-05	0.0008509481274106	0.000921440871693135	0	0
711	0	1.00703920403621e-05	0.000986898419955489	0.00099193361597567	0	0
712	0	0	0.000926476067713316	0.00108760234035911	1.00703920403621e-05	0
713	0	0	0.000961722439854584	0.000951652047814221	0	0
714	0	1.00703920403621e-05	0.000966757635874765	0.000961722439854584	0	0
715	0	1.00703920403621e-05	0.00089626489159223	0.000931511263733497	0	0
716	0	0	0.00101207440005639	0.00101207440005639	0	0
717	0	0	0.000981863223935308	0.00089626489159223	0	0
718	0	1.00703920403621e-05	0.000996968811995851	0.000976828027915127	1.00703920403621e-05	0
719	0	0	0.00089626489159223	0.0010372503801573	0	0
720	0	0	0.000911370479652773	0.00115809508464165	2.01407840807243e-05	0
721	0	1.00703920403621e-05	0.000951652047814221	0.00100200400801603	1.00703920403621e-05	0
722	0	1.00703920403621e-05	0.000871088911491324	0.00089626489159223	0	0
723	0	1.00703920403621e-05	0.000901300087612411	0.000921440871693135	0	0
724	0	1.00703920403621e-05	0.000941581655773859	0.000891229695572049	0	0
725	0	1.00703920403621e-05	0.00099193361597567	0.000911370479652773	3.02111761210864e-05	0
726	0	0	0.000966757635874765	0.000961722439854584	1.00703920403621e-05	0
727	0	2.01407840807243e-05	0.0010372503801573	0.00107753194831875	0	0
728	1.51055880605432e-05	1.00703920403621e-05	0.000911370479652773	0.00104228557617748	0	0
729	0	0	0.00103221518413712	0.000855983323430781	1.00703920403621e-05	0
730	0	0	0.0010372503801573	0.000906335283632592	0	0
731	0	1.00703920403621e-05	0.000906335283632592	0.00101710959607658	0	0
732	0	0	0.000941581655773859	0.00099193361597567	1.00703920403621e-05	0
733	0	1.00703920403621e-05	0.000951652047814221	0.00109263753637929	0	0
734	0	1.00703920403621e-05	0.000921440871693135	0.000861018519450962	1.00703920403621e-05	0
735	0	2.01407840807243e-05	0.00099193361597567	0.000981863223935308	1.00703920403621e-05	0
736	0	0	0.000936546459753678	0.000871088911491324	1.00703920403621e-05	0
737	0	3.02111761210864e-05	0.000961722439854584	0.000996968811995851	1.00703920403621e-05	0
738	0	0	0.00107753194831875	0.00107249675229857	2.01407840807243e-05	0
739	0	1.00703920403621e-05	0.000936546459753678	0.000981863223935308	2.01407840807243e-05	0
740	0	1.00703920403621e-05	0.000986898419955489	0.000926476067713316	1.00703920403621e-05	0
741	0	3.02111761210864e-05	0.000961722439854584	0.00113795430056092	3.02111761210864e-05	0
742	0	0	0.000986898419955489	0.000916405675672954	1.00703920403621e-05	0
743	0	0	0.00100703920403621	0.0008509481274106	0	0
744	0	0	0.000916405675672954	0.000951652047814221	2.01407840807243e-05	0
745	0	1.00703920403621e-05	0.000961722439854584	0.00112788390852056	0	0
746	0	2.01407840807243e-05	0.000936546459753678	0.00110774312443983	0	0
747	0	0	0.000926476067713316	0.00117320067270219	1.00703920403621e-05	0
748	0	0	0.00102214479209676	0.00107753194831875	0	0
749	0	0	0.000986898419955489	0.000916405675672954	0	0
750	0	1.00703920403621e-05	0.000981863223935308	0.00094661685179404	0	0
751	0	2.01407840807243e-05	0.000916405675672954	0.000906335283632592	0	0
752	0	0	0.000886194499551868	0.00108760234035911	2.01407840807243e-05	0
753	0	2.01407840807243e-05	0.00101710959607658	0.00110774312443983	1.00703920403621e-05	0
754	0	1.00703920403621e-05	0.000886194499551868	0.000871088911491324	2.01407840807243e-05	0
755	0	0	0.00110774312443983	0.000931511263733497	0	0
756	0	0	0.00101207440005639	0.0010372503801573	0	0
757	0	0	0.000866053715471143	0.000906335283632592	0	0
758	0	2.01407840807243e-05	0.000956687243834402	0.00100703920403621	0	0
759	0	2.01407840807243e-05	0.000956687243834402	0.000906335283632592	1.00703920403621e-05	0
760	0	1.00703920403621e-05	0.000981863223935308	0.00107753194831875	0	0
761	0	1.00703920403621e-05	0.00101207440005639	0.0010372503801573	1.00703920403621e-05	0
762	0	2.01407840807243e-05	0.000966757635874765	0.000951652047814221	1.00703920403621e-05	0
763	0	0	0.000871088911491324	0.000971792831894946	0	0
764	0	1.00703920403621e-05	0.000981863223935308	0.00101207440005639	2.01407840807243e-05	0
765	0	0	0.000931511263733497	0.00100200400801603	0	0
766	0	1.00703920403621e-05	0.000981863223935308	0.00102717998811694	1.00703920403621e-05	0
767	0	2.01407840807243e-05	0.00100200400801603	0.00105739116423802	1.00703920403621e-05	0
768	0	1.00703920403621e-05	0.00099193361597567	0.00112284871250038	2.01407840807243e-05	0
769	0	1.00703920403621e-05	0.000996968811995851	0.00112788390852056	0	0
770	0	1.00703920403621e-05	0.000835842539350057	0.000996968811995851	0	0
771	0	2.01407840807243e-05	0.000956687243834402	0.000810666559249152	2.01407840807243e-05	1.51055880605432e-05
772	0	0	0.00109767273239947	0.0010624263602582	0	0
773	0	0	0.00115305988862146	0.000961722439854584	0	0
774	0	0	0.000996968811995851	0.000926476067713316	0	0
775	0	0	0.00100200400801603	0.000996968811995851	1.00703920403621e-05	0
776	0	0	0.000916405675672954	0.000971792831894946	0	0
777	0	1.00703920403621e-05	0.00108256714433893	0.000886194499551868	0	0
778	0	1.00703920403621e-05	0.0010372503801573	0.000936546459753678	1.00703920403621e-05	0
779	0	0	0.00100703920403621	0.00101207440005639	0	0
780	0	1.00703920403621e-05	0.000936546459753678	0.00104732077219766	1.00703920403621e-05	0
781	0	1.00703920403621e-05	0.000891229695572049	0.000916405675672954	0	0
782	0	0	0.000966757635874765	0.00100200400801603	1.00703920403621e-05	0
783	0	2.01407840807243e-05	0.00099193361597567	0.00104732077219766	0	0
784	0	2.01407840807243e-05	0.000966757635874765	0.000981863223935308	0	0
785	0	1.00703920403621e-05	0.00112284871250038	0.000931511263733497	0	0
786	0	0	0.000926476067713316	0.0011178135164802	0	0
787	0	1.00703920403621e-05	0.00108256714433893	0.000886194499551868	1.00703920403621e-05	0
788	0	1.00703920403621e-05	0.000971792831894946	0.000921440871693135	0	0
789	0	3.02111761210864e-05	0.000956687243834402	0.00101207440005639	2.01407840807243e-05	0
790	0	0	0.00094661685179404	0.000971792831894946	0	0
791	0	1.00703920403621e-05	0.000906335283632592	0.000956687243834402	0	0
792	0	0	0.000901300087612411	0.000780455383128065	0	0
793	0	0	0.000951652047814221	0.000825772147309695	2.01407840807243e-05	0
794	0	0	0.000951652047814221	0.000775420187107884	0	0
795	1.51055880605432e-05	2.01407840807243e-05	0.000795560971188608	0.000835842539350057	0	0
796	0	0	0.000855983323430781	0.00070996263884553	0	0
797	0	0	0.000266865389069597	0	0	0
798	0	0	0	0	0	0
799	0	0	0	0	0	0
800	0	0	0	0	0	0
