#Cycle	-3	-2	-1	1	2	3
1	0	0	0	0	0	0
2	0	0	2.00876827351389e-06	0	0	0
3	0	4.01753654702778e-06	2.00876827351389e-06	5.02192068378472e-06	0	0
4	0	1.20526096410833e-05	2.00876827351389e-06	4.01753654702778e-06	4.01753654702778e-06	0
5	6.02630482054166e-06	2.00876827351389e-06	3.01315241027083e-06	2.00876827351389e-06	1.20526096410833e-05	9.0394572308125e-06
6	6.02630482054166e-06	4.01753654702778e-06	6.02630482054166e-06	5.02192068378472e-06	8.03507309405555e-06	3.01315241027083e-06
7	1.8078914461625e-05	4.01753654702778e-06	6.02630482054166e-06	2.00876827351389e-06	8.03507309405555e-06	6.02630482054166e-06
8	3.01315241027083e-05	6.02630482054166e-06	5.02192068378472e-06	4.01753654702778e-06	6.02630482054166e-06	6.02630482054166e-06
9	3.01315241027083e-06	8.03507309405555e-06	4.01753654702778e-06	2.00876827351389e-06	0	9.0394572308125e-06
10	6.02630482054166e-06	1.40613779145972e-05	3.01315241027083e-06	6.02630482054166e-06	6.02630482054166e-06	3.01315241027083e-05
11	6.02630482054166e-06	8.03507309405555e-06	3.01315241027083e-06	3.01315241027083e-06	6.02630482054166e-06	6.02630482054166e-06
12	1.50657620513542e-05	4.01753654702778e-06	3.01315241027083e-06	4.01753654702778e-06	1.40613779145972e-05	9.0394572308125e-06
13	1.50657620513542e-05	4.01753654702778e-06	5.02192068378472e-06	5.02192068378472e-06	8.03507309405555e-06	9.0394572308125e-06
14	1.20526096410833e-05	8.03507309405555e-06	3.01315241027083e-06	4.01753654702778e-06	6.02630482054166e-06	3.01315241027083e-06
15	9.0394572308125e-06	8.03507309405555e-06	9.0394572308125e-06	9.0394572308125e-06	1.20526096410833e-05	9.0394572308125e-06
16	3.01315241027083e-06	1.00438413675694e-05	3.01315241027083e-06	4.01753654702778e-06	8.03507309405555e-06	0
17	1.20526096410833e-05	4.01753654702778e-06	3.01315241027083e-06	4.01753654702778e-06	2.00876827351389e-06	6.02630482054166e-06
18	1.20526096410833e-05	2.00876827351389e-06	4.01753654702778e-06	3.01315241027083e-06	6.02630482054166e-06	1.20526096410833e-05
19	1.8078914461625e-05	1.00438413675694e-05	3.01315241027083e-06	4.01753654702778e-06	1.60701461881111e-05	9.0394572308125e-06
20	6.02630482054166e-06	8.03507309405555e-06	5.02192068378472e-06	1.00438413675694e-06	8.03507309405555e-06	6.02630482054166e-06
21	9.0394572308125e-06	6.02630482054166e-06	3.01315241027083e-06	5.02192068378472e-06	4.01753654702778e-06	1.50657620513542e-05
22	6.02630482054166e-06	1.20526096410833e-05	6.02630482054166e-06	3.01315241027083e-06	1.00438413675694e-05	9.0394572308125e-06
23	1.50657620513542e-05	1.00438413675694e-05	1.00438413675694e-06	4.01753654702778e-06	1.40613779145972e-05	9.0394572308125e-06
24	0	1.40613779145972e-05	9.0394572308125e-06	3.01315241027083e-06	0	1.20526096410833e-05
25	1.8078914461625e-05	1.40613779145972e-05	3.01315241027083e-06	2.00876827351389e-06	4.01753654702778e-06	3.01315241027083e-06
26	1.8078914461625e-05	8.03507309405555e-06	5.02192068378472e-06	3.01315241027083e-06	2.00876827351389e-06	9.0394572308125e-06
27	9.0394572308125e-06	1.00438413675694e-05	2.00876827351389e-06	5.02192068378472e-06	1.00438413675694e-05	6.02630482054166e-06
28	3.01315241027083e-06	4.01753654702778e-06	1.00438413675694e-06	2.00876827351389e-06	8.03507309405555e-06	1.20526096410833e-05
29	3.01315241027083e-06	1.40613779145972e-05	3.01315241027083e-06	6.02630482054166e-06	8.03507309405555e-06	6.02630482054166e-06
30	9.0394572308125e-06	8.03507309405555e-06	3.01315241027083e-06	3.01315241027083e-06	1.00438413675694e-05	1.20526096410833e-05
31	3.01315241027083e-06	1.00438413675694e-05	1.20526096410833e-05	8.03507309405555e-06	1.20526096410833e-05	1.50657620513542e-05
32	6.02630482054166e-06	8.03507309405555e-06	2.00876827351389e-06	4.01753654702778e-06	2.00876827351389e-06	1.8078914461625e-05
33	1.8078914461625e-05	1.00438413675694e-05	4.01753654702778e-06	2.00876827351389e-06	4.01753654702778e-06	9.0394572308125e-06
34	1.8078914461625e-05	4.01753654702778e-06	4.01753654702778e-06	5.02192068378472e-06	1.00438413675694e-05	6.02630482054166e-06
35	2.10920668718958e-05	2.00876827351389e-06	1.00438413675694e-06	3.01315241027083e-06	8.03507309405555e-06	3.01315241027083e-06
36	1.20526096410833e-05	1.00438413675694e-05	4.01753654702778e-06	3.01315241027083e-06	1.60701461881111e-05	2.10920668718958e-05
37	6.02630482054166e-06	1.00438413675694e-05	4.01753654702778e-06	5.02192068378472e-06	4.01753654702778e-06	1.50657620513542e-05
38	1.50657620513542e-05	6.02630482054166e-06	4.01753654702778e-06	3.01315241027083e-06	8.03507309405555e-06	1.20526096410833e-05
39	9.0394572308125e-06	6.02630482054166e-06	8.03507309405555e-06	1.00438413675694e-06	6.02630482054166e-06	1.20526096410833e-05
40	9.0394572308125e-06	8.03507309405555e-06	4.01753654702778e-06	5.02192068378472e-06	8.03507309405555e-06	3.01315241027083e-06
41	1.20526096410833e-05	8.03507309405555e-06	1.00438413675694e-06	3.01315241027083e-06	4.01753654702778e-06	1.8078914461625e-05
42	2.10920668718958e-05	6.02630482054166e-06	3.01315241027083e-06	5.02192068378472e-06	4.01753654702778e-06	1.20526096410833e-05
43	6.02630482054166e-06	8.03507309405555e-06	1.00438413675694e-06	3.01315241027083e-06	6.02630482054166e-06	6.02630482054166e-06
44	1.20526096410833e-05	8.03507309405555e-06	2.00876827351389e-06	2.00876827351389e-06	4.01753654702778e-06	2.71183716924375e-05
45	9.0394572308125e-06	0	2.00876827351389e-06	3.01315241027083e-06	0	1.50657620513542e-05
46	6.02630482054166e-06	4.01753654702778e-06	7.03068895729861e-06	7.03068895729861e-06	2.00876827351389e-06	1.20526096410833e-05
47	6.02630482054166e-06	1.00438413675694e-05	2.00876827351389e-06	3.01315241027083e-06	1.20526096410833e-05	0
48	2.71183716924375e-05	4.01753654702778e-06	3.01315241027083e-06	4.01753654702778e-06	1.00438413675694e-05	2.10920668718958e-05
49	1.8078914461625e-05	8.03507309405555e-06	2.00876827351389e-06	8.03507309405555e-06	1.00438413675694e-05	1.20526096410833e-05
50	3.01315241027083e-06	4.01753654702778e-06	0	4.01753654702778e-06	1.20526096410833e-05	9.0394572308125e-06
51	9.0394572308125e-06	4.01753654702778e-06	4.01753654702778e-06	5.02192068378472e-06	2.00876827351389e-06	0
52	2.10920668718958e-05	4.01753654702778e-06	5.02192068378472e-06	5.02192068378472e-06	6.02630482054166e-06	2.41052192821667e-05
53	2.10920668718958e-05	4.01753654702778e-06	1.00438413675694e-06	2.00876827351389e-06	4.01753654702778e-06	2.71183716924375e-05
54	6.02630482054166e-06	8.03507309405555e-06	3.01315241027083e-06	5.02192068378472e-06	6.02630482054166e-06	1.50657620513542e-05
55	9.0394572308125e-06	2.00876827351389e-06	2.00876827351389e-06	2.00876827351389e-06	1.20526096410833e-05	1.8078914461625e-05
56	2.41052192821667e-05	1.20526096410833e-05	3.01315241027083e-06	7.03068895729861e-06	1.60701461881111e-05	2.10920668718958e-05
57	1.20526096410833e-05	1.00438413675694e-05	7.03068895729861e-06	7.03068895729861e-06	6.02630482054166e-06	6.02630482054166e-06
58	3.01315241027083e-06	6.02630482054166e-06	5.02192068378472e-06	1.00438413675694e-06	1.00438413675694e-05	2.10920668718958e-05
59	9.0394572308125e-06	1.00438413675694e-05	2.00876827351389e-06	2.00876827351389e-06	6.02630482054166e-06	9.0394572308125e-06
60	2.41052192821667e-05	1.00438413675694e-05	3.01315241027083e-06	4.01753654702778e-06	1.00438413675694e-05	6.02630482054166e-06
61	1.20526096410833e-05	8.03507309405555e-06	3.01315241027083e-06	5.02192068378472e-06	6.02630482054166e-06	0
62	9.0394572308125e-06	8.03507309405555e-06	3.01315241027083e-06	3.01315241027083e-06	1.00438413675694e-05	1.20526096410833e-05
63	1.20526096410833e-05	8.03507309405555e-06	7.03068895729861e-06	6.02630482054166e-06	1.00438413675694e-05	1.20526096410833e-05
64	1.8078914461625e-05	1.40613779145972e-05	5.02192068378472e-06	2.00876827351389e-06	6.02630482054166e-06	3.31446765129792e-05
65	2.10920668718958e-05	8.03507309405555e-06	2.00876827351389e-06	2.00876827351389e-06	8.03507309405555e-06	1.50657620513542e-05
66	1.50657620513542e-05	6.02630482054166e-06	8.03507309405555e-06	1.00438413675694e-06	1.20526096410833e-05	6.02630482054166e-06
67	1.20526096410833e-05	8.03507309405555e-06	4.01753654702778e-06	5.02192068378472e-06	1.20526096410833e-05	3.01315241027083e-06
68	6.02630482054166e-06	1.20526096410833e-05	4.01753654702778e-06	1.00438413675694e-06	1.20526096410833e-05	1.20526096410833e-05
69	1.50657620513542e-05	8.03507309405555e-06	5.02192068378472e-06	4.01753654702778e-06	8.03507309405555e-06	2.10920668718958e-05
70	6.02630482054166e-06	1.20526096410833e-05	4.01753654702778e-06	4.01753654702778e-06	1.00438413675694e-05	1.8078914461625e-05
71	1.20526096410833e-05	8.03507309405555e-06	2.00876827351389e-06	2.00876827351389e-06	6.02630482054166e-06	3.01315241027083e-06
72	1.50657620513542e-05	1.40613779145972e-05	6.02630482054166e-06	5.02192068378472e-06	8.03507309405555e-06	1.20526096410833e-05
73	1.20526096410833e-05	2.00876827351389e-06	4.01753654702778e-06	4.01753654702778e-06	6.02630482054166e-06	9.0394572308125e-06
74	9.0394572308125e-06	1.40613779145972e-05	5.02192068378472e-06	4.01753654702778e-06	8.03507309405555e-06	9.0394572308125e-06
75	1.20526096410833e-05	1.00438413675694e-05	2.00876827351389e-06	4.01753654702778e-06	8.03507309405555e-06	6.02630482054166e-06
76	9.0394572308125e-06	1.00438413675694e-05	3.01315241027083e-06	4.01753654702778e-06	6.02630482054166e-06	6.02630482054166e-06
77	9.0394572308125e-06	6.02630482054166e-06	4.01753654702778e-06	6.02630482054166e-06	8.03507309405555e-06	1.8078914461625e-05
78	2.10920668718958e-05	4.01753654702778e-06	7.03068895729861e-06	4.01753654702778e-06	8.03507309405555e-06	1.50657620513542e-05
79	1.20526096410833e-05	1.00438413675694e-05	4.01753654702778e-06	6.02630482054166e-06	4.01753654702778e-06	1.20526096410833e-05
80	9.0394572308125e-06	1.40613779145972e-05	7.03068895729861e-06	7.03068895729861e-06	1.00438413675694e-05	9.0394572308125e-06
81	6.02630482054166e-06	8.03507309405555e-06	6.02630482054166e-06	0	8.03507309405555e-06	6.02630482054166e-06
82	9.0394572308125e-06	4.01753654702778e-06	2.00876827351389e-06	6.02630482054166e-06	6.02630482054166e-06	1.20526096410833e-05
83	1.50657620513542e-05	8.03507309405555e-06	6.02630482054166e-06	4.01753654702778e-06	1.20526096410833e-05	6.02630482054166e-06
84	9.0394572308125e-06	1.20526096410833e-05	1.00438413675694e-06	5.02192068378472e-06	1.20526096410833e-05	2.10920668718958e-05
85	1.50657620513542e-05	8.03507309405555e-06	5.02192068378472e-06	4.01753654702778e-06	2.00876827351389e-06	1.50657620513542e-05
86	1.50657620513542e-05	1.00438413675694e-05	6.02630482054166e-06	3.01315241027083e-06	8.03507309405555e-06	6.02630482054166e-06
87	1.20526096410833e-05	1.00438413675694e-05	1.00438413675694e-06	4.01753654702778e-06	1.20526096410833e-05	9.0394572308125e-06
88	1.20526096410833e-05	4.01753654702778e-06	6.02630482054166e-06	3.01315241027083e-06	6.02630482054166e-06	1.20526096410833e-05
89	1.20526096410833e-05	4.01753654702778e-06	5.02192068378472e-06	3.01315241027083e-06	2.00876827351389e-06	2.10920668718958e-05
90	9.0394572308125e-06	4.01753654702778e-06	2.00876827351389e-06	1.00438413675694e-06	8.03507309405555e-06	9.0394572308125e-06
91	9.0394572308125e-06	1.00438413675694e-05	6.02630482054166e-06	3.01315241027083e-06	8.03507309405555e-06	1.8078914461625e-05
92	1.20526096410833e-05	1.20526096410833e-05	2.00876827351389e-06	5.02192068378472e-06	8.03507309405555e-06	1.8078914461625e-05
93	9.0394572308125e-06	1.00438413675694e-05	6.02630482054166e-06	1.00438413675694e-05	4.01753654702778e-06	9.0394572308125e-06
94	0	4.01753654702778e-06	3.01315241027083e-06	3.01315241027083e-06	4.01753654702778e-06	9.0394572308125e-06
95	6.02630482054166e-06	8.03507309405555e-06	6.02630482054166e-06	7.03068895729861e-06	6.02630482054166e-06	9.0394572308125e-06
96	1.20526096410833e-05	8.03507309405555e-06	6.02630482054166e-06	1.00438413675694e-06	1.20526096410833e-05	3.01315241027083e-06
97	2.10920668718958e-05	0	7.03068895729861e-06	2.00876827351389e-06	1.20526096410833e-05	1.20526096410833e-05
98	1.50657620513542e-05	8.03507309405555e-06	3.01315241027083e-06	4.01753654702778e-06	6.02630482054166e-06	1.20526096410833e-05
99	1.20526096410833e-05	8.03507309405555e-06	1.00438413675694e-06	7.03068895729861e-06	2.00876827351389e-06	3.01315241027083e-06
100	1.20526096410833e-05	8.03507309405555e-06	5.02192068378472e-06	5.02192068378472e-06	1.00438413675694e-05	6.02630482054166e-06
101	9.0394572308125e-06	0	4.01753654702778e-06	5.02192068378472e-06	0	2.41052192821667e-05
102	6.02630482054166e-06	1.40613779145972e-05	4.01753654702778e-06	2.00876827351389e-06	8.03507309405555e-06	1.20526096410833e-05
103	9.0394572308125e-06	8.03507309405555e-06	6.02630482054166e-06	4.01753654702778e-06	1.00438413675694e-05	9.0394572308125e-06
104	2.41052192821667e-05	8.03507309405555e-06	3.01315241027083e-06	4.01753654702778e-06	4.01753654702778e-06	1.20526096410833e-05
105	1.8078914461625e-05	8.03507309405555e-06	7.03068895729861e-06	0	1.40613779145972e-05	9.0394572308125e-06
106	1.20526096410833e-05	4.01753654702778e-06	2.00876827351389e-06	6.02630482054166e-06	0	6.02630482054166e-06
107	6.02630482054166e-06	6.02630482054166e-06	5.02192068378472e-06	3.01315241027083e-06	1.40613779145972e-05	1.20526096410833e-05
108	1.20526096410833e-05	1.00438413675694e-05	4.01753654702778e-06	3.01315241027083e-06	1.8078914461625e-05	2.10920668718958e-05
109	9.0394572308125e-06	2.00876827351389e-06	7.03068895729861e-06	4.01753654702778e-06	1.00438413675694e-05	2.41052192821667e-05
110	1.50657620513542e-05	6.02630482054166e-06	3.01315241027083e-06	3.01315241027083e-06	4.01753654702778e-06	6.02630482054166e-06
111	3.01315241027083e-06	4.01753654702778e-06	2.00876827351389e-06	2.00876827351389e-06	4.01753654702778e-06	1.50657620513542e-05
112	1.50657620513542e-05	8.03507309405555e-06	6.02630482054166e-06	3.01315241027083e-06	6.02630482054166e-06	1.50657620513542e-05
113	1.20526096410833e-05	1.00438413675694e-05	5.02192068378472e-06	3.01315241027083e-06	4.01753654702778e-06	1.20526096410833e-05
114	9.0394572308125e-06	6.02630482054166e-06	2.00876827351389e-06	3.01315241027083e-06	4.01753654702778e-06	1.50657620513542e-05
115	1.8078914461625e-05	1.20526096410833e-05	4.01753654702778e-06	4.01753654702778e-06	6.02630482054166e-06	1.20526096410833e-05
116	3.01315241027083e-05	8.03507309405555e-06	6.02630482054166e-06	1.00438413675694e-06	1.00438413675694e-05	6.02630482054166e-06
117	1.50657620513542e-05	8.03507309405555e-06	2.00876827351389e-06	3.01315241027083e-06	1.40613779145972e-05	6.02630482054166e-06
118	6.02630482054166e-06	8.03507309405555e-06	7.03068895729861e-06	4.01753654702778e-06	8.03507309405555e-06	2.41052192821667e-05
119	6.02630482054166e-06	1.00438413675694e-05	6.02630482054166e-06	8.03507309405555e-06	1.20526096410833e-05	6.02630482054166e-06
120	1.8078914461625e-05	4.01753654702778e-06	2.00876827351389e-06	5.02192068378472e-06	1.00438413675694e-05	3.01315241027083e-06
121	6.02630482054166e-06	1.20526096410833e-05	3.01315241027083e-06	3.01315241027083e-06	8.03507309405555e-06	9.0394572308125e-06
122	1.8078914461625e-05	1.40613779145972e-05	5.02192068378472e-06	3.01315241027083e-06	8.03507309405555e-06	1.8078914461625e-05
123	1.20526096410833e-05	1.20526096410833e-05	3.01315241027083e-06	4.01753654702778e-06	8.03507309405555e-06	2.41052192821667e-05
124	1.50657620513542e-05	6.02630482054166e-06	5.02192068378472e-06	4.01753654702778e-06	8.03507309405555e-06	9.0394572308125e-06
125	1.20526096410833e-05	4.01753654702778e-06	1.00438413675694e-06	5.02192068378472e-06	2.00876827351389e-06	9.0394572308125e-06
126	6.02630482054166e-06	1.00438413675694e-05	4.01753654702778e-06	1.00438413675694e-06	1.00438413675694e-05	1.50657620513542e-05
127	9.0394572308125e-06	6.02630482054166e-06	3.01315241027083e-06	6.02630482054166e-06	1.00438413675694e-05	1.20526096410833e-05
128	1.8078914461625e-05	8.03507309405555e-06	1.00438413675694e-06	2.00876827351389e-06	4.01753654702778e-06	3.01315241027083e-06
129	1.50657620513542e-05	4.01753654702778e-06	5.02192068378472e-06	1.00438413675694e-06	4.01753654702778e-06	3.01315241027083e-06
130	3.01315241027083e-06	4.01753654702778e-06	4.01753654702778e-06	2.00876827351389e-06	2.00876827351389e-06	1.20526096410833e-05
131	3.01315241027083e-06	6.02630482054166e-06	6.02630482054166e-06	2.00876827351389e-06	8.03507309405555e-06	1.20526096410833e-05
132	6.02630482054166e-06	1.00438413675694e-05	5.02192068378472e-06	7.03068895729861e-06	6.02630482054166e-06	3.01315241027083e-06
133	6.02630482054166e-06	6.02630482054166e-06	2.00876827351389e-06	5.02192068378472e-06	8.03507309405555e-06	1.50657620513542e-05
134	1.8078914461625e-05	8.03507309405555e-06	2.00876827351389e-06	7.03068895729861e-06	1.40613779145972e-05	1.50657620513542e-05
135	6.02630482054166e-06	8.03507309405555e-06	3.01315241027083e-06	4.01753654702778e-06	6.02630482054166e-06	6.02630482054166e-06
136	9.0394572308125e-06	4.01753654702778e-06	3.01315241027083e-06	7.03068895729861e-06	6.02630482054166e-06	1.8078914461625e-05
137	3.01315241027083e-06	6.02630482054166e-06	2.00876827351389e-06	4.01753654702778e-06	1.40613779145972e-05	1.20526096410833e-05
138	9.0394572308125e-06	4.01753654702778e-06	4.01753654702778e-06	4.01753654702778e-06	6.02630482054166e-06	1.8078914461625e-05
139	1.20526096410833e-05	4.01753654702778e-06	5.02192068378472e-06	3.01315241027083e-06	1.00438413675694e-05	2.10920668718958e-05
140	6.02630482054166e-06	1.40613779145972e-05	2.00876827351389e-06	2.00876827351389e-06	4.01753654702778e-06	1.50657620513542e-05
141	6.02630482054166e-06	1.40613779145972e-05	1.00438413675694e-06	3.01315241027083e-06	2.00876827351389e-06	1.50657620513542e-05
142	1.50657620513542e-05	1.20526096410833e-05	8.03507309405555e-06	6.02630482054166e-06	2.00876827351389e-06	1.50657620513542e-05
143	3.01315241027083e-06	4.01753654702778e-06	4.01753654702778e-06	3.01315241027083e-06	1.40613779145972e-05	2.10920668718958e-05
144	1.50657620513542e-05	4.01753654702778e-06	4.01753654702778e-06	2.00876827351389e-06	8.03507309405555e-06	6.02630482054166e-06
145	1.8078914461625e-05	6.02630482054166e-06	3.01315241027083e-06	3.01315241027083e-06	6.02630482054166e-06	2.10920668718958e-05
146	9.0394572308125e-06	6.02630482054166e-06	5.02192068378472e-06	6.02630482054166e-06	6.02630482054166e-06	2.41052192821667e-05
147	1.20526096410833e-05	1.20526096410833e-05	2.00876827351389e-06	4.01753654702778e-06	4.01753654702778e-06	9.0394572308125e-06
148	1.50657620513542e-05	1.40613779145972e-05	2.00876827351389e-06	7.03068895729861e-06	8.03507309405555e-06	1.20526096410833e-05
149	1.50657620513542e-05	4.01753654702778e-06	2.00876827351389e-06	3.01315241027083e-06	6.02630482054166e-06	1.20526096410833e-05
150	9.0394572308125e-06	1.20526096410833e-05	3.01315241027083e-06	6.02630482054166e-06	8.03507309405555e-06	9.0394572308125e-06
151	9.0394572308125e-06	0	4.01753654702778e-06	2.00876827351389e-06	8.03507309405555e-06	9.0394572308125e-06
152	2.41052192821667e-05	1.00438413675694e-05	5.02192068378472e-06	4.01753654702778e-06	8.03507309405555e-06	1.50657620513542e-05
153	6.02630482054166e-06	1.20526096410833e-05	5.02192068378472e-06	4.01753654702778e-06	8.03507309405555e-06	9.0394572308125e-06
154	1.8078914461625e-05	2.00876827351389e-06	5.02192068378472e-06	4.01753654702778e-06	1.60701461881111e-05	6.02630482054166e-06
155	2.71183716924375e-05	1.00438413675694e-05	5.02192068378472e-06	8.03507309405555e-06	1.8078914461625e-05	6.02630482054166e-06
156	1.50657620513542e-05	6.02630482054166e-06	5.02192068378472e-06	4.01753654702778e-06	1.00438413675694e-05	1.50657620513542e-05
157	1.50657620513542e-05	6.02630482054166e-06	4.01753654702778e-06	4.01753654702778e-06	1.20526096410833e-05	1.50657620513542e-05
158	1.50657620513542e-05	6.02630482054166e-06	7.03068895729861e-06	6.02630482054166e-06	8.03507309405555e-06	9.0394572308125e-06
159	3.01315241027083e-05	6.02630482054166e-06	7.03068895729861e-06	3.01315241027083e-06	8.03507309405555e-06	9.0394572308125e-06
160	6.02630482054166e-06	6.02630482054166e-06	1.00438413675694e-06	6.02630482054166e-06	1.40613779145972e-05	6.02630482054166e-06
161	1.20526096410833e-05	8.03507309405555e-06	3.01315241027083e-06	4.01753654702778e-06	1.00438413675694e-05	9.0394572308125e-06
162	6.02630482054166e-06	8.03507309405555e-06	5.02192068378472e-06	2.00876827351389e-06	4.01753654702778e-06	1.8078914461625e-05
163	6.02630482054166e-06	8.03507309405555e-06	7.03068895729861e-06	3.01315241027083e-06	4.01753654702778e-06	3.01315241027083e-06
164	1.20526096410833e-05	8.03507309405555e-06	4.01753654702778e-06	2.00876827351389e-06	1.20526096410833e-05	9.0394572308125e-06
165	1.20526096410833e-05	6.02630482054166e-06	7.03068895729861e-06	3.01315241027083e-06	8.03507309405555e-06	1.50657620513542e-05
166	9.0394572308125e-06	6.02630482054166e-06	4.01753654702778e-06	2.00876827351389e-06	6.02630482054166e-06	1.20526096410833e-05
167	3.01315241027083e-06	8.03507309405555e-06	2.00876827351389e-06	3.01315241027083e-06	4.01753654702778e-06	1.50657620513542e-05
168	9.0394572308125e-06	4.01753654702778e-06	3.01315241027083e-06	3.01315241027083e-06	1.00438413675694e-05	9.0394572308125e-06
169	1.20526096410833e-05	8.03507309405555e-06	1.00438413675694e-06	3.01315241027083e-06	1.20526096410833e-05	6.02630482054166e-06
170	3.01315241027083e-06	1.20526096410833e-05	4.01753654702778e-06	6.02630482054166e-06	1.20526096410833e-05	9.0394572308125e-06
171	6.02630482054166e-06	6.02630482054166e-06	5.02192068378472e-06	7.03068895729861e-06	1.40613779145972e-05	1.20526096410833e-05
172	9.0394572308125e-06	6.02630482054166e-06	2.00876827351389e-06	3.01315241027083e-06	6.02630482054166e-06	2.71183716924375e-05
173	1.8078914461625e-05	6.02630482054166e-06	5.02192068378472e-06	6.02630482054166e-06	1.00438413675694e-05	0
174	2.71183716924375e-05	1.20526096410833e-05	6.02630482054166e-06	2.00876827351389e-06	8.03507309405555e-06	0
175	1.20526096410833e-05	4.01753654702778e-06	5.02192068378472e-06	4.01753654702778e-06	1.00438413675694e-05	3.01315241027083e-06
176	6.02630482054166e-06	8.03507309405555e-06	9.0394572308125e-06	3.01315241027083e-06	6.02630482054166e-06	6.02630482054166e-06
177	9.0394572308125e-06	8.03507309405555e-06	6.02630482054166e-06	3.01315241027083e-06	8.03507309405555e-06	9.0394572308125e-06
178	9.0394572308125e-06	8.03507309405555e-06	2.00876827351389e-06	2.00876827351389e-06	8.03507309405555e-06	0
179	1.20526096410833e-05	6.02630482054166e-06	3.01315241027083e-06	4.01753654702778e-06	8.03507309405555e-06	1.50657620513542e-05
180	6.02630482054166e-06	1.00438413675694e-05	4.01753654702778e-06	3.01315241027083e-06	4.01753654702778e-06	9.0394572308125e-06
181	1.8078914461625e-05	1.20526096410833e-05	6.02630482054166e-06	1.00438413675694e-06	1.00438413675694e-05	1.20526096410833e-05
182	1.50657620513542e-05	1.20526096410833e-05	4.01753654702778e-06	3.01315241027083e-06	1.20526096410833e-05	1.8078914461625e-05
183	9.0394572308125e-06	1.00438413675694e-05	3.01315241027083e-06	6.02630482054166e-06	8.03507309405555e-06	1.20526096410833e-05
184	6.02630482054166e-06	4.01753654702778e-06	7.03068895729861e-06	5.02192068378472e-06	6.02630482054166e-06	1.8078914461625e-05
185	1.20526096410833e-05	6.02630482054166e-06	2.00876827351389e-06	6.02630482054166e-06	1.00438413675694e-05	1.20526096410833e-05
186	3.01315241027083e-06	8.03507309405555e-06	4.01753654702778e-06	1.00438413675694e-06	4.01753654702778e-06	3.01315241027083e-06
187	6.02630482054166e-06	4.01753654702778e-06	4.01753654702778e-06	1.00438413675694e-06	1.20526096410833e-05	2.10920668718958e-05
188	3.01315241027083e-06	1.00438413675694e-05	4.01753654702778e-06	1.00438413675694e-06	1.20526096410833e-05	2.10920668718958e-05
189	9.0394572308125e-06	1.40613779145972e-05	5.02192068378472e-06	4.01753654702778e-06	6.02630482054166e-06	6.02630482054166e-06
190	9.0394572308125e-06	6.02630482054166e-06	4.01753654702778e-06	6.02630482054166e-06	8.03507309405555e-06	6.02630482054166e-06
191	3.01315241027083e-06	1.00438413675694e-05	2.00876827351389e-06	6.02630482054166e-06	1.00438413675694e-05	9.0394572308125e-06
192	9.0394572308125e-06	1.00438413675694e-05	4.01753654702778e-06	4.01753654702778e-06	6.02630482054166e-06	9.0394572308125e-06
193	1.20526096410833e-05	1.60701461881111e-05	5.02192068378472e-06	6.02630482054166e-06	1.00438413675694e-05	9.0394572308125e-06
194	9.0394572308125e-06	1.40613779145972e-05	5.02192068378472e-06	4.01753654702778e-06	4.01753654702778e-06	1.20526096410833e-05
195	6.02630482054166e-06	8.03507309405555e-06	2.00876827351389e-06	2.00876827351389e-06	1.00438413675694e-05	1.20526096410833e-05
196	1.50657620513542e-05	8.03507309405555e-06	1.00438413675694e-06	6.02630482054166e-06	1.20526096410833e-05	1.20526096410833e-05
197	6.02630482054166e-06	8.03507309405555e-06	5.02192068378472e-06	5.02192068378472e-06	2.00876827351389e-06	0
198	1.50657620513542e-05	6.02630482054166e-06	5.02192068378472e-06	6.02630482054166e-06	8.03507309405555e-06	1.50657620513542e-05
199	6.02630482054166e-06	4.01753654702778e-06	2.00876827351389e-06	5.02192068378472e-06	1.00438413675694e-05	1.8078914461625e-05
200	6.02630482054166e-06	4.01753654702778e-06	2.00876827351389e-06	3.01315241027083e-06	8.03507309405555e-06	1.8078914461625e-05
201	2.10920668718958e-05	8.03507309405555e-06	3.01315241027083e-06	2.00876827351389e-06	8.03507309405555e-06	1.20526096410833e-05
202	9.0394572308125e-06	8.03507309405555e-06	1.00438413675694e-06	4.01753654702778e-06	6.02630482054166e-06	1.20526096410833e-05
203	9.0394572308125e-06	0	3.01315241027083e-06	2.00876827351389e-06	8.03507309405555e-06	9.0394572308125e-06
204	6.02630482054166e-06	1.20526096410833e-05	2.00876827351389e-06	3.01315241027083e-06	1.20526096410833e-05	1.50657620513542e-05
205	2.10920668718958e-05	6.02630482054166e-06	3.01315241027083e-06	4.01753654702778e-06	1.00438413675694e-05	1.20526096410833e-05
206	1.20526096410833e-05	4.01753654702778e-06	3.01315241027083e-06	2.00876827351389e-06	1.00438413675694e-05	6.02630482054166e-06
207	1.8078914461625e-05	6.02630482054166e-06	3.01315241027083e-06	4.01753654702778e-06	4.01753654702778e-06	1.20526096410833e-05
208	1.20526096410833e-05	1.00438413675694e-05	5.02192068378472e-06	8.03507309405555e-06	6.02630482054166e-06	1.50657620513542e-05
209	2.71183716924375e-05	1.00438413675694e-05	4.01753654702778e-06	3.01315241027083e-06	4.01753654702778e-06	9.0394572308125e-06
210	9.0394572308125e-06	1.60701461881111e-05	3.01315241027083e-06	5.02192068378472e-06	1.8078914461625e-05	1.20526096410833e-05
211	1.50657620513542e-05	8.03507309405555e-06	4.01753654702778e-06	3.01315241027083e-06	8.03507309405555e-06	1.50657620513542e-05
212	9.0394572308125e-06	1.00438413675694e-05	2.00876827351389e-06	3.01315241027083e-06	6.02630482054166e-06	1.8078914461625e-05
213	6.02630482054166e-06	1.00438413675694e-05	4.01753654702778e-06	1.00438413675694e-06	6.02630482054166e-06	1.20526096410833e-05
214	9.0394572308125e-06	1.00438413675694e-05	3.01315241027083e-06	3.01315241027083e-06	4.01753654702778e-06	3.01315241027083e-06
215	9.0394572308125e-06	4.01753654702778e-06	6.02630482054166e-06	4.01753654702778e-06	6.02630482054166e-06	9.0394572308125e-06
216	9.0394572308125e-06	0	2.00876827351389e-06	2.00876827351389e-06	1.00438413675694e-05	9.0394572308125e-06
217	2.10920668718958e-05	4.01753654702778e-06	5.02192068378472e-06	1.00438413675694e-06	8.03507309405555e-06	1.50657620513542e-05
218	1.8078914461625e-05	1.40613779145972e-05	3.01315241027083e-06	2.00876827351389e-06	1.20526096410833e-05	9.0394572308125e-06
219	1.20526096410833e-05	6.02630482054166e-06	6.02630482054166e-06	4.01753654702778e-06	1.20526096410833e-05	2.71183716924375e-05
220	6.02630482054166e-06	6.02630482054166e-06	3.01315241027083e-06	2.00876827351389e-06	8.03507309405555e-06	6.02630482054166e-06
221	1.8078914461625e-05	1.00438413675694e-05	5.02192068378472e-06	3.01315241027083e-06	6.02630482054166e-06	1.8078914461625e-05
222	1.8078914461625e-05	8.03507309405555e-06	5.02192068378472e-06	3.01315241027083e-06	4.01753654702778e-06	1.20526096410833e-05
223	6.02630482054166e-06	6.02630482054166e-06	3.01315241027083e-06	2.00876827351389e-06	1.00438413675694e-05	9.0394572308125e-06
224	6.02630482054166e-06	4.01753654702778e-06	6.02630482054166e-06	1.00438413675694e-06	1.00438413675694e-05	1.8078914461625e-05
225	9.0394572308125e-06	6.02630482054166e-06	5.02192068378472e-06	1.00438413675694e-06	1.8078914461625e-05	9.0394572308125e-06
226	1.50657620513542e-05	2.00876827351389e-06	2.00876827351389e-06	2.00876827351389e-06	6.02630482054166e-06	9.0394572308125e-06
227	0	8.03507309405555e-06	1.00438413675694e-06	0	4.01753654702778e-06	3.01315241027083e-06
228	1.20526096410833e-05	2.00876827351389e-05	3.01315241027083e-06	5.02192068378472e-06	1.00438413675694e-05	3.01315241027083e-06
229	9.0394572308125e-06	1.20526096410833e-05	5.02192068378472e-06	7.03068895729861e-06	0	1.50657620513542e-05
230	9.0394572308125e-06	2.00876827351389e-06	4.01753654702778e-06	3.01315241027083e-06	1.60701461881111e-05	9.0394572308125e-06
231	1.8078914461625e-05	4.01753654702778e-06	2.00876827351389e-06	3.01315241027083e-06	1.20526096410833e-05	6.02630482054166e-06
232	1.8078914461625e-05	1.20526096410833e-05	5.02192068378472e-06	3.01315241027083e-06	1.00438413675694e-05	0
233	9.0394572308125e-06	8.03507309405555e-06	4.01753654702778e-06	2.00876827351389e-06	1.00438413675694e-05	6.02630482054166e-06
234	1.50657620513542e-05	2.00876827351389e-06	2.00876827351389e-06	3.01315241027083e-06	8.03507309405555e-06	1.50657620513542e-05
235	1.20526096410833e-05	1.00438413675694e-05	3.01315241027083e-06	6.02630482054166e-06	1.00438413675694e-05	6.02630482054166e-06
236	9.0394572308125e-06	1.00438413675694e-05	4.01753654702778e-06	2.00876827351389e-06	4.01753654702778e-06	2.41052192821667e-05
237	6.02630482054166e-06	1.8078914461625e-05	2.00876827351389e-06	0	6.02630482054166e-06	9.0394572308125e-06
238	2.10920668718958e-05	6.02630482054166e-06	1.00438413675694e-06	4.01753654702778e-06	1.40613779145972e-05	9.0394572308125e-06
239	9.0394572308125e-06	6.02630482054166e-06	2.00876827351389e-06	6.02630482054166e-06	1.00438413675694e-05	1.50657620513542e-05
240	3.01315241027083e-06	6.02630482054166e-06	3.01315241027083e-06	3.01315241027083e-06	1.20526096410833e-05	9.0394572308125e-06
241	9.0394572308125e-06	1.40613779145972e-05	6.02630482054166e-06	5.02192068378472e-06	4.01753654702778e-06	1.50657620513542e-05
242	1.20526096410833e-05	1.40613779145972e-05	4.01753654702778e-06	1.00438413675694e-06	0	3.01315241027083e-06
243	1.20526096410833e-05	6.02630482054166e-06	2.00876827351389e-06	5.02192068378472e-06	1.20526096410833e-05	0
244	1.20526096410833e-05	8.03507309405555e-06	3.01315241027083e-06	2.00876827351389e-06	2.00876827351389e-06	0
245	6.02630482054166e-06	1.40613779145972e-05	7.03068895729861e-06	7.03068895729861e-06	0	0
246	0	2.00876827351389e-06	1.00438413675694e-05	1.20526096410833e-05	0	0
247	0	0	4.01753654702778e-06	0	0	0
248	0	0	0	0	0	0
249	0	0	0	0	0	0
250	0	0	0	0	0	0
251	0	0	0	0	0	0
252	0	0	3.01315241027083e-06	0	0	0
253	0	2.00876827351389e-06	2.00876827351389e-06	4.01753654702778e-06	0	0
254	3.01315241027083e-06	4.01753654702778e-06	5.02192068378472e-06	2.00876827351389e-06	8.03507309405555e-06	0
255	3.01315241027083e-06	1.20526096410833e-05	6.02630482054166e-06	6.02630482054166e-06	8.03507309405555e-06	9.0394572308125e-06
256	1.50657620513542e-05	4.01753654702778e-06	2.00876827351389e-06	0	4.01753654702778e-06	1.20526096410833e-05
257	2.10920668718958e-05	6.02630482054166e-06	1.00438413675694e-06	5.02192068378472e-06	8.03507309405555e-06	9.0394572308125e-06
258	6.02630482054166e-06	1.00438413675694e-05	3.01315241027083e-06	4.01753654702778e-06	1.20526096410833e-05	1.8078914461625e-05
259	1.50657620513542e-05	6.02630482054166e-06	7.03068895729861e-06	3.01315241027083e-06	6.02630482054166e-06	1.50657620513542e-05
260	1.20526096410833e-05	1.00438413675694e-05	4.01753654702778e-06	5.02192068378472e-06	4.01753654702778e-06	2.41052192821667e-05
261	3.01315241027083e-06	1.00438413675694e-05	3.01315241027083e-06	6.02630482054166e-06	1.20526096410833e-05	9.0394572308125e-06
262	6.02630482054166e-06	1.00438413675694e-05	5.02192068378472e-06	4.01753654702778e-06	6.02630482054166e-06	9.0394572308125e-06
263	9.0394572308125e-06	4.01753654702778e-06	6.02630482054166e-06	3.01315241027083e-06	6.02630482054166e-06	6.02630482054166e-06
264	1.50657620513542e-05	8.03507309405555e-06	4.01753654702778e-06	2.00876827351389e-06	8.03507309405555e-06	3.01315241027083e-06
265	9.0394572308125e-06	6.02630482054166e-06	6.02630482054166e-06	1.00438413675694e-06	8.03507309405555e-06	1.50657620513542e-05
266	2.10920668718958e-05	4.01753654702778e-06	2.00876827351389e-06	2.00876827351389e-06	8.03507309405555e-06	1.8078914461625e-05
267	1.20526096410833e-05	1.8078914461625e-05	3.01315241027083e-06	5.02192068378472e-06	8.03507309405555e-06	6.02630482054166e-06
268	1.20526096410833e-05	4.01753654702778e-06	3.01315241027083e-06	1.00438413675694e-06	2.00876827351389e-06	9.0394572308125e-06
269	1.50657620513542e-05	4.01753654702778e-06	2.00876827351389e-06	6.02630482054166e-06	8.03507309405555e-06	9.0394572308125e-06
270	9.0394572308125e-06	6.02630482054166e-06	2.00876827351389e-06	4.01753654702778e-06	8.03507309405555e-06	3.01315241027083e-06
271	3.01315241027083e-06	8.03507309405555e-06	6.02630482054166e-06	6.02630482054166e-06	8.03507309405555e-06	9.0394572308125e-06
272	3.01315241027083e-06	8.03507309405555e-06	3.01315241027083e-06	2.00876827351389e-06	6.02630482054166e-06	2.41052192821667e-05
273	1.50657620513542e-05	1.20526096410833e-05	4.01753654702778e-06	6.02630482054166e-06	1.20526096410833e-05	9.0394572308125e-06
274	1.50657620513542e-05	1.60701461881111e-05	7.03068895729861e-06	3.01315241027083e-06	1.40613779145972e-05	9.0394572308125e-06
275	9.0394572308125e-06	2.00876827351389e-06	4.01753654702778e-06	4.01753654702778e-06	2.00876827351389e-06	1.20526096410833e-05
276	6.02630482054166e-06	4.01753654702778e-06	5.02192068378472e-06	4.01753654702778e-06	1.20526096410833e-05	6.02630482054166e-06
277	3.01315241027083e-06	2.00876827351389e-06	3.01315241027083e-06	1.00438413675694e-06	2.00876827351389e-06	1.20526096410833e-05
278	9.0394572308125e-06	4.01753654702778e-06	3.01315241027083e-06	7.03068895729861e-06	1.20526096410833e-05	1.50657620513542e-05
279	6.02630482054166e-06	8.03507309405555e-06	2.00876827351389e-06	3.01315241027083e-06	2.00876827351389e-06	9.0394572308125e-06
280	1.8078914461625e-05	0	3.01315241027083e-06	5.02192068378472e-06	2.00876827351389e-06	6.02630482054166e-06
281	3.01315241027083e-06	6.02630482054166e-06	5.02192068378472e-06	1.00438413675694e-06	1.00438413675694e-05	1.20526096410833e-05
282	9.0394572308125e-06	1.00438413675694e-05	6.02630482054166e-06	3.01315241027083e-06	8.03507309405555e-06	2.10920668718958e-05
283	1.20526096410833e-05	6.02630482054166e-06	2.00876827351389e-06	3.01315241027083e-06	4.01753654702778e-06	1.8078914461625e-05
284	9.0394572308125e-06	8.03507309405555e-06	6.02630482054166e-06	2.00876827351389e-06	1.20526096410833e-05	2.10920668718958e-05
285	2.10920668718958e-05	6.02630482054166e-06	3.01315241027083e-06	2.00876827351389e-06	1.00438413675694e-05	6.02630482054166e-06
286	1.50657620513542e-05	2.00876827351389e-05	8.03507309405555e-06	4.01753654702778e-06	4.01753654702778e-06	1.8078914461625e-05
287	1.50657620513542e-05	6.02630482054166e-06	2.00876827351389e-06	2.00876827351389e-06	6.02630482054166e-06	1.20526096410833e-05
288	6.02630482054166e-06	2.00876827351389e-05	4.01753654702778e-06	4.01753654702778e-06	0	2.10920668718958e-05
289	6.02630482054166e-06	1.20526096410833e-05	4.01753654702778e-06	2.00876827351389e-06	1.20526096410833e-05	1.20526096410833e-05
290	6.02630482054166e-06	6.02630482054166e-06	3.01315241027083e-06	2.00876827351389e-06	1.60701461881111e-05	1.50657620513542e-05
291	1.20526096410833e-05	6.02630482054166e-06	6.02630482054166e-06	0	8.03507309405555e-06	1.20526096410833e-05
292	9.0394572308125e-06	8.03507309405555e-06	5.02192068378472e-06	4.01753654702778e-06	1.00438413675694e-05	9.0394572308125e-06
293	6.02630482054166e-06	1.00438413675694e-05	3.01315241027083e-06	7.03068895729861e-06	6.02630482054166e-06	1.20526096410833e-05
294	3.01315241027083e-06	4.01753654702778e-06	4.01753654702778e-06	2.00876827351389e-06	8.03507309405555e-06	1.8078914461625e-05
295	2.71183716924375e-05	1.40613779145972e-05	7.03068895729861e-06	3.01315241027083e-06	1.40613779145972e-05	1.8078914461625e-05
296	9.0394572308125e-06	6.02630482054166e-06	5.02192068378472e-06	7.03068895729861e-06	1.00438413675694e-05	1.20526096410833e-05
297	3.01315241027083e-06	1.00438413675694e-05	6.02630482054166e-06	2.00876827351389e-06	4.01753654702778e-06	3.01315241027083e-06
298	1.50657620513542e-05	4.01753654702778e-06	5.02192068378472e-06	2.00876827351389e-06	4.01753654702778e-06	1.50657620513542e-05
299	9.0394572308125e-06	8.03507309405555e-06	3.01315241027083e-06	2.00876827351389e-06	1.00438413675694e-05	2.41052192821667e-05
300	1.50657620513542e-05	4.01753654702778e-06	5.02192068378472e-06	3.01315241027083e-06	4.01753654702778e-06	1.8078914461625e-05
301	1.50657620513542e-05	1.20526096410833e-05	7.03068895729861e-06	6.02630482054166e-06	8.03507309405555e-06	1.20526096410833e-05
302	2.10920668718958e-05	8.03507309405555e-06	5.02192068378472e-06	5.02192068378472e-06	8.03507309405555e-06	9.0394572308125e-06
303	1.8078914461625e-05	6.02630482054166e-06	1.00438413675694e-06	4.01753654702778e-06	4.01753654702778e-06	1.20526096410833e-05
304	9.0394572308125e-06	1.00438413675694e-05	3.01315241027083e-06	5.02192068378472e-06	2.00876827351389e-06	9.0394572308125e-06
305	1.50657620513542e-05	1.00438413675694e-05	3.01315241027083e-06	3.01315241027083e-06	8.03507309405555e-06	6.02630482054166e-06
306	9.0394572308125e-06	1.00438413675694e-05	2.00876827351389e-06	6.02630482054166e-06	4.01753654702778e-06	1.20526096410833e-05
307	1.50657620513542e-05	4.01753654702778e-06	7.03068895729861e-06	1.00438413675694e-06	2.00876827351389e-06	1.20526096410833e-05
308	1.20526096410833e-05	4.01753654702778e-06	3.01315241027083e-06	3.01315241027083e-06	8.03507309405555e-06	1.8078914461625e-05
309	1.20526096410833e-05	2.00876827351389e-06	4.01753654702778e-06	4.01753654702778e-06	0	6.02630482054166e-06
310	6.02630482054166e-06	6.02630482054166e-06	7.03068895729861e-06	4.01753654702778e-06	8.03507309405555e-06	2.10920668718958e-05
311	2.41052192821667e-05	8.03507309405555e-06	7.03068895729861e-06	6.02630482054166e-06	1.00438413675694e-05	1.20526096410833e-05
312	2.10920668718958e-05	1.20526096410833e-05	4.01753654702778e-06	4.01753654702778e-06	1.00438413675694e-05	3.01315241027083e-06
313	3.01315241027083e-06	8.03507309405555e-06	5.02192068378472e-06	4.01753654702778e-06	4.01753654702778e-06	1.50657620513542e-05
314	1.50657620513542e-05	8.03507309405555e-06	4.01753654702778e-06	5.02192068378472e-06	6.02630482054166e-06	2.10920668718958e-05
315	9.0394572308125e-06	6.02630482054166e-06	8.03507309405555e-06	6.02630482054166e-06	1.20526096410833e-05	1.20526096410833e-05
316	1.50657620513542e-05	8.03507309405555e-06	3.01315241027083e-06	3.01315241027083e-06	6.02630482054166e-06	2.10920668718958e-05
317	6.02630482054166e-06	6.02630482054166e-06	3.01315241027083e-06	2.00876827351389e-06	8.03507309405555e-06	6.02630482054166e-06
318	9.0394572308125e-06	6.02630482054166e-06	8.03507309405555e-06	6.02630482054166e-06	6.02630482054166e-06	6.02630482054166e-06
319	6.02630482054166e-06	1.00438413675694e-05	4.01753654702778e-06	5.02192068378472e-06	1.00438413675694e-05	1.50657620513542e-05
320	6.02630482054166e-06	1.00438413675694e-05	2.00876827351389e-06	2.00876827351389e-06	6.02630482054166e-06	1.20526096410833e-05
321	6.02630482054166e-06	1.20526096410833e-05	6.02630482054166e-06	4.01753654702778e-06	4.01753654702778e-06	9.0394572308125e-06
322	2.71183716924375e-05	8.03507309405555e-06	4.01753654702778e-06	5.02192068378472e-06	0	3.01315241027083e-06
323	2.10920668718958e-05	8.03507309405555e-06	5.02192068378472e-06	5.02192068378472e-06	1.20526096410833e-05	1.50657620513542e-05
324	1.8078914461625e-05	6.02630482054166e-06	3.01315241027083e-06	3.01315241027083e-06	4.01753654702778e-06	1.8078914461625e-05
325	3.01315241027083e-06	6.02630482054166e-06	5.02192068378472e-06	3.01315241027083e-06	6.02630482054166e-06	1.50657620513542e-05
326	0	1.40613779145972e-05	0	5.02192068378472e-06	4.01753654702778e-06	1.20526096410833e-05
327	2.10920668718958e-05	1.00438413675694e-05	2.00876827351389e-06	1.00438413675694e-06	1.20526096410833e-05	1.20526096410833e-05
328	9.0394572308125e-06	1.00438413675694e-05	3.01315241027083e-06	3.01315241027083e-06	8.03507309405555e-06	3.01315241027083e-06
329	2.10920668718958e-05	8.03507309405555e-06	5.02192068378472e-06	4.01753654702778e-06	6.02630482054166e-06	1.8078914461625e-05
330	3.01315241027083e-06	1.20526096410833e-05	4.01753654702778e-06	2.00876827351389e-06	4.01753654702778e-06	1.50657620513542e-05
331	1.8078914461625e-05	6.02630482054166e-06	3.01315241027083e-06	4.01753654702778e-06	1.20526096410833e-05	1.8078914461625e-05
332	1.50657620513542e-05	6.02630482054166e-06	7.03068895729861e-06	7.03068895729861e-06	4.01753654702778e-06	2.10920668718958e-05
333	6.02630482054166e-06	1.00438413675694e-05	2.00876827351389e-06	6.02630482054166e-06	2.00876827351389e-06	6.02630482054166e-06
334	9.0394572308125e-06	4.01753654702778e-06	8.03507309405555e-06	1.00438413675694e-06	1.00438413675694e-05	1.8078914461625e-05
335	1.50657620513542e-05	6.02630482054166e-06	3.01315241027083e-06	2.00876827351389e-06	6.02630482054166e-06	0
336	6.02630482054166e-06	6.02630482054166e-06	5.02192068378472e-06	3.01315241027083e-06	4.01753654702778e-06	3.01315241027083e-06
337	0	6.02630482054166e-06	4.01753654702778e-06	1.00438413675694e-06	8.03507309405555e-06	1.50657620513542e-05
338	2.10920668718958e-05	6.02630482054166e-06	5.02192068378472e-06	2.00876827351389e-06	1.00438413675694e-05	1.50657620513542e-05
339	9.0394572308125e-06	2.00876827351389e-06	3.01315241027083e-06	5.02192068378472e-06	2.00876827351389e-05	3.01315241027083e-06
340	1.20526096410833e-05	4.01753654702778e-06	3.01315241027083e-06	2.00876827351389e-06	1.40613779145972e-05	1.50657620513542e-05
341	1.20526096410833e-05	4.01753654702778e-06	3.01315241027083e-06	5.02192068378472e-06	6.02630482054166e-06	9.0394572308125e-06
342	9.0394572308125e-06	6.02630482054166e-06	2.00876827351389e-06	4.01753654702778e-06	2.00876827351389e-06	2.71183716924375e-05
343	1.50657620513542e-05	2.00876827351389e-06	4.01753654702778e-06	4.01753654702778e-06	1.60701461881111e-05	6.02630482054166e-06
344	2.10920668718958e-05	1.00438413675694e-05	3.01315241027083e-06	1.00438413675694e-06	2.00876827351389e-06	1.50657620513542e-05
345	9.0394572308125e-06	8.03507309405555e-06	4.01753654702778e-06	1.00438413675694e-06	6.02630482054166e-06	6.02630482054166e-06
346	3.01315241027083e-06	1.20526096410833e-05	3.01315241027083e-06	2.00876827351389e-06	1.20526096410833e-05	6.02630482054166e-06
347	1.20526096410833e-05	1.00438413675694e-05	4.01753654702778e-06	4.01753654702778e-06	6.02630482054166e-06	9.0394572308125e-06
348	6.02630482054166e-06	8.03507309405555e-06	6.02630482054166e-06	4.01753654702778e-06	1.00438413675694e-05	1.50657620513542e-05
349	9.0394572308125e-06	1.00438413675694e-05	6.02630482054166e-06	6.02630482054166e-06	1.00438413675694e-05	2.71183716924375e-05
350	1.50657620513542e-05	8.03507309405555e-06	2.00876827351389e-06	3.01315241027083e-06	2.00876827351389e-06	1.20526096410833e-05
351	3.31446765129792e-05	1.00438413675694e-05	4.01753654702778e-06	2.00876827351389e-06	2.00876827351389e-06	1.8078914461625e-05
352	1.8078914461625e-05	6.02630482054166e-06	5.02192068378472e-06	5.02192068378472e-06	6.02630482054166e-06	9.0394572308125e-06
353	1.8078914461625e-05	1.20526096410833e-05	3.01315241027083e-06	5.02192068378472e-06	2.00876827351389e-06	9.0394572308125e-06
354	3.01315241027083e-06	1.40613779145972e-05	5.02192068378472e-06	4.01753654702778e-06	6.02630482054166e-06	2.10920668718958e-05
355	2.71183716924375e-05	1.00438413675694e-05	6.02630482054166e-06	3.01315241027083e-06	1.40613779145972e-05	2.71183716924375e-05
356	6.02630482054166e-06	6.02630482054166e-06	1.00438413675694e-06	1.00438413675694e-06	6.02630482054166e-06	6.02630482054166e-06
357	9.0394572308125e-06	2.00876827351389e-06	2.00876827351389e-06	1.00438413675694e-06	1.8078914461625e-05	6.02630482054166e-06
358	1.20526096410833e-05	6.02630482054166e-06	7.03068895729861e-06	4.01753654702778e-06	4.01753654702778e-06	9.0394572308125e-06
359	1.20526096410833e-05	4.01753654702778e-06	2.00876827351389e-06	3.01315241027083e-06	8.03507309405555e-06	6.02630482054166e-06
360	6.02630482054166e-06	8.03507309405555e-06	6.02630482054166e-06	1.00438413675694e-06	1.00438413675694e-05	2.41052192821667e-05
361	6.02630482054166e-06	6.02630482054166e-06	4.01753654702778e-06	4.01753654702778e-06	4.01753654702778e-06	6.02630482054166e-06
362	1.50657620513542e-05	6.02630482054166e-06	1.00438413675694e-06	3.01315241027083e-06	8.03507309405555e-06	1.20526096410833e-05
363	2.10920668718958e-05	2.00876827351389e-06	1.00438413675694e-06	4.01753654702778e-06	8.03507309405555e-06	9.0394572308125e-06
364	1.50657620513542e-05	2.00876827351389e-06	3.01315241027083e-06	1.00438413675694e-06	6.02630482054166e-06	1.20526096410833e-05
365	6.02630482054166e-06	2.00876827351389e-06	2.00876827351389e-06	2.00876827351389e-06	1.00438413675694e-05	1.50657620513542e-05
366	1.20526096410833e-05	1.8078914461625e-05	4.01753654702778e-06	4.01753654702778e-06	1.40613779145972e-05	6.02630482054166e-06
367	1.20526096410833e-05	8.03507309405555e-06	4.01753654702778e-06	4.01753654702778e-06	8.03507309405555e-06	1.20526096410833e-05
368	1.20526096410833e-05	6.02630482054166e-06	4.01753654702778e-06	4.01753654702778e-06	1.00438413675694e-05	1.50657620513542e-05
369	1.50657620513542e-05	6.02630482054166e-06	3.01315241027083e-06	4.01753654702778e-06	0	9.0394572308125e-06
370	2.41052192821667e-05	1.20526096410833e-05	2.00876827351389e-06	1.00438413675694e-06	8.03507309405555e-06	6.02630482054166e-06
371	1.20526096410833e-05	4.01753654702778e-06	6.02630482054166e-06	2.00876827351389e-06	0	1.50657620513542e-05
372	1.8078914461625e-05	4.01753654702778e-06	7.03068895729861e-06	5.02192068378472e-06	1.40613779145972e-05	2.71183716924375e-05
373	3.01315241027083e-06	1.20526096410833e-05	3.01315241027083e-06	4.01753654702778e-06	1.40613779145972e-05	3.01315241027083e-06
374	3.01315241027083e-06	1.40613779145972e-05	5.02192068378472e-06	5.02192068378472e-06	2.00876827351389e-06	2.10920668718958e-05
375	1.50657620513542e-05	1.20526096410833e-05	5.02192068378472e-06	5.02192068378472e-06	2.00876827351389e-05	1.20526096410833e-05
376	6.02630482054166e-06	1.60701461881111e-05	4.01753654702778e-06	3.01315241027083e-06	1.00438413675694e-05	9.0394572308125e-06
377	9.0394572308125e-06	1.20526096410833e-05	2.00876827351389e-06	0	4.01753654702778e-06	9.0394572308125e-06
378	3.01315241027083e-06	8.03507309405555e-06	4.01753654702778e-06	4.01753654702778e-06	6.02630482054166e-06	1.50657620513542e-05
379	1.20526096410833e-05	8.03507309405555e-06	2.00876827351389e-06	9.0394572308125e-06	1.00438413675694e-05	0
380	1.20526096410833e-05	0	8.03507309405555e-06	7.03068895729861e-06	6.02630482054166e-06	9.0394572308125e-06
381	1.20526096410833e-05	4.01753654702778e-06	8.03507309405555e-06	2.00876827351389e-06	1.20526096410833e-05	1.20526096410833e-05
382	9.0394572308125e-06	6.02630482054166e-06	3.01315241027083e-06	2.00876827351389e-06	8.03507309405555e-06	2.10920668718958e-05
383	2.10920668718958e-05	1.40613779145972e-05	7.03068895729861e-06	5.02192068378472e-06	1.00438413675694e-05	1.8078914461625e-05
384	1.20526096410833e-05	4.01753654702778e-06	1.00438413675694e-06	3.01315241027083e-06	8.03507309405555e-06	2.10920668718958e-05
385	6.02630482054166e-06	1.00438413675694e-05	2.00876827351389e-06	5.02192068378472e-06	1.20526096410833e-05	9.0394572308125e-06
386	1.8078914461625e-05	6.02630482054166e-06	4.01753654702778e-06	2.00876827351389e-06	1.00438413675694e-05	1.50657620513542e-05
387	1.50657620513542e-05	2.00876827351389e-06	1.00438413675694e-06	6.02630482054166e-06	1.40613779145972e-05	1.20526096410833e-05
388	1.50657620513542e-05	8.03507309405555e-06	4.01753654702778e-06	6.02630482054166e-06	1.20526096410833e-05	6.02630482054166e-06
389	1.8078914461625e-05	8.03507309405555e-06	6.02630482054166e-06	4.01753654702778e-06	1.20526096410833e-05	1.20526096410833e-05
390	9.0394572308125e-06	8.03507309405555e-06	1.00438413675694e-06	5.02192068378472e-06	4.01753654702778e-06	3.01315241027083e-06
391	9.0394572308125e-06	8.03507309405555e-06	4.01753654702778e-06	3.01315241027083e-06	1.00438413675694e-05	1.20526096410833e-05
392	1.50657620513542e-05	6.02630482054166e-06	1.00438413675694e-06	3.01315241027083e-06	6.02630482054166e-06	1.20526096410833e-05
393	9.0394572308125e-06	8.03507309405555e-06	3.01315241027083e-06	3.01315241027083e-06	8.03507309405555e-06	1.50657620513542e-05
394	6.02630482054166e-06	8.03507309405555e-06	1.00438413675694e-06	6.02630482054166e-06	6.02630482054166e-06	1.50657620513542e-05
395	0	6.02630482054166e-06	4.01753654702778e-06	4.01753654702778e-06	4.01753654702778e-06	9.0394572308125e-06
396	6.02630482054166e-06	4.01753654702778e-06	3.01315241027083e-06	3.01315241027083e-06	8.03507309405555e-06	3.01315241027083e-06
397	1.8078914461625e-05	1.00438413675694e-05	2.00876827351389e-06	6.02630482054166e-06	1.20526096410833e-05	1.20526096410833e-05
398	3.01315241027083e-06	1.40613779145972e-05	1.00438413675694e-06	4.01753654702778e-06	4.01753654702778e-06	9.0394572308125e-06
399	6.02630482054166e-06	0	7.03068895729861e-06	6.02630482054166e-06	8.03507309405555e-06	1.20526096410833e-05
400	2.10920668718958e-05	1.20526096410833e-05	4.01753654702778e-06	6.02630482054166e-06	4.01753654702778e-06	1.20526096410833e-05
401	1.50657620513542e-05	6.02630482054166e-06	3.01315241027083e-06	6.02630482054166e-06	4.01753654702778e-06	9.0394572308125e-06
402	6.02630482054166e-06	4.01753654702778e-06	1.00438413675694e-06	7.03068895729861e-06	2.00876827351389e-06	9.0394572308125e-06
403	9.0394572308125e-06	6.02630482054166e-06	7.03068895729861e-06	3.01315241027083e-06	6.02630482054166e-06	1.8078914461625e-05
404	1.20526096410833e-05	1.00438413675694e-05	4.01753654702778e-06	3.01315241027083e-06	2.00876827351389e-06	6.02630482054166e-06
405	1.50657620513542e-05	8.03507309405555e-06	1.00438413675694e-06	3.01315241027083e-06	6.02630482054166e-06	9.0394572308125e-06
406	9.0394572308125e-06	8.03507309405555e-06	3.01315241027083e-06	2.00876827351389e-06	1.8078914461625e-05	9.0394572308125e-06
407	3.01315241027083e-06	8.03507309405555e-06	3.01315241027083e-06	5.02192068378472e-06	1.20526096410833e-05	1.20526096410833e-05
408	1.8078914461625e-05	4.01753654702778e-06	1.00438413675694e-06	1.00438413675694e-06	1.40613779145972e-05	9.0394572308125e-06
409	1.8078914461625e-05	4.01753654702778e-06	1.00438413675694e-06	4.01753654702778e-06	6.02630482054166e-06	1.50657620513542e-05
410	3.01315241027083e-06	8.03507309405555e-06	4.01753654702778e-06	1.00438413675694e-06	8.03507309405555e-06	9.0394572308125e-06
411	1.50657620513542e-05	1.00438413675694e-05	2.00876827351389e-06	9.0394572308125e-06	1.00438413675694e-05	1.20526096410833e-05
412	1.20526096410833e-05	1.40613779145972e-05	4.01753654702778e-06	0	6.02630482054166e-06	6.02630482054166e-06
413	9.0394572308125e-06	6.02630482054166e-06	4.01753654702778e-06	1.00438413675694e-06	8.03507309405555e-06	1.50657620513542e-05
414	1.50657620513542e-05	1.00438413675694e-05	3.01315241027083e-06	3.01315241027083e-06	8.03507309405555e-06	9.0394572308125e-06
415	6.02630482054166e-06	1.00438413675694e-05	5.02192068378472e-06	1.00438413675694e-06	8.03507309405555e-06	1.50657620513542e-05
416	1.20526096410833e-05	8.03507309405555e-06	3.01315241027083e-06	0	4.01753654702778e-06	2.10920668718958e-05
417	1.20526096410833e-05	1.60701461881111e-05	2.00876827351389e-06	6.02630482054166e-06	6.02630482054166e-06	9.0394572308125e-06
418	2.10920668718958e-05	4.01753654702778e-06	3.01315241027083e-06	4.01753654702778e-06	6.02630482054166e-06	9.0394572308125e-06
419	3.01315241027083e-06	6.02630482054166e-06	4.01753654702778e-06	4.01753654702778e-06	6.02630482054166e-06	1.50657620513542e-05
420	1.20526096410833e-05	1.00438413675694e-05	6.02630482054166e-06	1.00438413675694e-06	4.01753654702778e-06	1.50657620513542e-05
421	1.8078914461625e-05	1.00438413675694e-05	5.02192068378472e-06	8.03507309405555e-06	8.03507309405555e-06	1.50657620513542e-05
422	1.8078914461625e-05	6.02630482054166e-06	2.00876827351389e-06	4.01753654702778e-06	1.20526096410833e-05	1.8078914461625e-05
423	1.20526096410833e-05	1.20526096410833e-05	2.00876827351389e-06	3.01315241027083e-06	8.03507309405555e-06	1.20526096410833e-05
424	6.02630482054166e-06	1.20526096410833e-05	6.02630482054166e-06	3.01315241027083e-06	1.20526096410833e-05	1.50657620513542e-05
425	1.20526096410833e-05	8.03507309405555e-06	1.00438413675694e-06	8.03507309405555e-06	1.00438413675694e-05	9.0394572308125e-06
426	6.02630482054166e-06	2.00876827351389e-06	5.02192068378472e-06	1.00438413675694e-06	1.20526096410833e-05	1.8078914461625e-05
427	2.10920668718958e-05	0	1.00438413675694e-06	1.00438413675694e-06	1.8078914461625e-05	6.02630482054166e-06
428	9.0394572308125e-06	4.01753654702778e-06	3.01315241027083e-06	2.00876827351389e-06	2.00876827351389e-06	2.10920668718958e-05
429	1.20526096410833e-05	8.03507309405555e-06	2.00876827351389e-06	4.01753654702778e-06	6.02630482054166e-06	1.20526096410833e-05
430	1.20526096410833e-05	1.00438413675694e-05	3.01315241027083e-06	6.02630482054166e-06	1.40613779145972e-05	9.0394572308125e-06
431	1.20526096410833e-05	1.00438413675694e-05	2.00876827351389e-06	4.01753654702778e-06	1.00438413675694e-05	1.20526096410833e-05
432	3.01315241027083e-06	1.00438413675694e-05	4.01753654702778e-06	3.01315241027083e-06	8.03507309405555e-06	6.02630482054166e-06
433	1.8078914461625e-05	6.02630482054166e-06	5.02192068378472e-06	4.01753654702778e-06	6.02630482054166e-06	1.50657620513542e-05
434	1.20526096410833e-05	8.03507309405555e-06	2.00876827351389e-06	3.01315241027083e-06	1.00438413675694e-05	9.0394572308125e-06
435	6.02630482054166e-06	6.02630482054166e-06	4.01753654702778e-06	2.00876827351389e-06	1.20526096410833e-05	6.02630482054166e-06
436	1.50657620513542e-05	6.02630482054166e-06	1.00438413675694e-06	2.00876827351389e-06	8.03507309405555e-06	1.8078914461625e-05
437	1.50657620513542e-05	6.02630482054166e-06	6.02630482054166e-06	3.01315241027083e-06	6.02630482054166e-06	3.31446765129792e-05
438	9.0394572308125e-06	6.02630482054166e-06	4.01753654702778e-06	8.03507309405555e-06	6.02630482054166e-06	1.20526096410833e-05
439	9.0394572308125e-06	8.03507309405555e-06	4.01753654702778e-06	5.02192068378472e-06	8.03507309405555e-06	1.20526096410833e-05
440	1.20526096410833e-05	1.00438413675694e-05	3.01315241027083e-06	4.01753654702778e-06	1.20526096410833e-05	3.01315241027083e-06
441	1.20526096410833e-05	1.40613779145972e-05	4.01753654702778e-06	3.01315241027083e-06	4.01753654702778e-06	2.71183716924375e-05
442	2.10920668718958e-05	0	4.01753654702778e-06	2.00876827351389e-06	1.20526096410833e-05	6.02630482054166e-06
443	2.71183716924375e-05	6.02630482054166e-06	2.00876827351389e-06	3.01315241027083e-06	6.02630482054166e-06	3.01315241027083e-06
444	9.0394572308125e-06	1.00438413675694e-05	5.02192068378472e-06	2.00876827351389e-06	6.02630482054166e-06	1.8078914461625e-05
445	1.50657620513542e-05	8.03507309405555e-06	4.01753654702778e-06	2.00876827351389e-06	1.00438413675694e-05	1.50657620513542e-05
446	9.0394572308125e-06	1.8078914461625e-05	7.03068895729861e-06	2.00876827351389e-06	4.01753654702778e-06	1.50657620513542e-05
447	6.02630482054166e-06	8.03507309405555e-06	4.01753654702778e-06	4.01753654702778e-06	1.00438413675694e-05	6.02630482054166e-06
448	2.10920668718958e-05	8.03507309405555e-06	3.01315241027083e-06	6.02630482054166e-06	1.40613779145972e-05	1.50657620513542e-05
449	1.50657620513542e-05	8.03507309405555e-06	3.01315241027083e-06	2.00876827351389e-06	4.01753654702778e-06	1.20526096410833e-05
450	1.20526096410833e-05	4.01753654702778e-06	5.02192068378472e-06	5.02192068378472e-06	1.20526096410833e-05	1.8078914461625e-05
451	9.0394572308125e-06	1.40613779145972e-05	8.03507309405555e-06	2.00876827351389e-06	6.02630482054166e-06	9.0394572308125e-06
452	9.0394572308125e-06	2.00876827351389e-06	4.01753654702778e-06	3.01315241027083e-06	1.40613779145972e-05	9.0394572308125e-06
453	6.02630482054166e-06	1.00438413675694e-05	2.00876827351389e-06	6.02630482054166e-06	4.01753654702778e-06	6.02630482054166e-06
454	1.50657620513542e-05	2.00876827351389e-06	6.02630482054166e-06	3.01315241027083e-06	1.00438413675694e-05	9.0394572308125e-06
455	9.0394572308125e-06	8.03507309405555e-06	2.00876827351389e-06	3.01315241027083e-06	6.02630482054166e-06	9.0394572308125e-06
456	1.20526096410833e-05	0	1.00438413675694e-06	6.02630482054166e-06	1.00438413675694e-05	1.50657620513542e-05
457	6.02630482054166e-06	6.02630482054166e-06	7.03068895729861e-06	7.03068895729861e-06	6.02630482054166e-06	1.8078914461625e-05
458	1.8078914461625e-05	1.60701461881111e-05	7.03068895729861e-06	5.02192068378472e-06	1.20526096410833e-05	3.01315241027083e-06
459	1.8078914461625e-05	8.03507309405555e-06	6.02630482054166e-06	4.01753654702778e-06	4.01753654702778e-06	1.8078914461625e-05
460	9.0394572308125e-06	8.03507309405555e-06	3.01315241027083e-06	4.01753654702778e-06	6.02630482054166e-06	1.8078914461625e-05
461	3.01315241027083e-06	1.20526096410833e-05	4.01753654702778e-06	9.0394572308125e-06	8.03507309405555e-06	1.20526096410833e-05
462	1.20526096410833e-05	1.00438413675694e-05	1.00438413675694e-06	6.02630482054166e-06	1.00438413675694e-05	3.01315241027083e-06
463	1.50657620513542e-05	2.00876827351389e-06	9.0394572308125e-06	1.00438413675694e-06	4.01753654702778e-06	0
464	6.02630482054166e-06	8.03507309405555e-06	4.01753654702778e-06	2.00876827351389e-06	2.00876827351389e-06	9.0394572308125e-06
465	9.0394572308125e-06	1.00438413675694e-05	2.00876827351389e-06	4.01753654702778e-06	8.03507309405555e-06	1.20526096410833e-05
466	1.20526096410833e-05	4.01753654702778e-06	5.02192068378472e-06	4.01753654702778e-06	1.00438413675694e-05	1.20526096410833e-05
467	6.02630482054166e-06	4.01753654702778e-06	3.01315241027083e-06	2.00876827351389e-06	1.20526096410833e-05	9.0394572308125e-06
468	1.50657620513542e-05	1.40613779145972e-05	4.01753654702778e-06	7.03068895729861e-06	2.00876827351389e-06	6.02630482054166e-06
469	1.20526096410833e-05	8.03507309405555e-06	3.01315241027083e-06	2.00876827351389e-06	8.03507309405555e-06	9.0394572308125e-06
470	9.0394572308125e-06	6.02630482054166e-06	1.00438413675694e-06	7.03068895729861e-06	2.00876827351389e-05	6.02630482054166e-06
471	1.8078914461625e-05	8.03507309405555e-06	4.01753654702778e-06	3.01315241027083e-06	6.02630482054166e-06	0
472	6.02630482054166e-06	6.02630482054166e-06	2.00876827351389e-06	3.01315241027083e-06	1.20526096410833e-05	1.20526096410833e-05
473	1.20526096410833e-05	6.02630482054166e-06	4.01753654702778e-06	2.00876827351389e-06	1.00438413675694e-05	1.20526096410833e-05
474	6.02630482054166e-06	8.03507309405555e-06	4.01753654702778e-06	7.03068895729861e-06	6.02630482054166e-06	1.50657620513542e-05
475	1.20526096410833e-05	1.60701461881111e-05	4.01753654702778e-06	3.01315241027083e-06	1.40613779145972e-05	1.8078914461625e-05
476	9.0394572308125e-06	6.02630482054166e-06	4.01753654702778e-06	6.02630482054166e-06	4.01753654702778e-06	1.8078914461625e-05
477	9.0394572308125e-06	1.00438413675694e-05	5.02192068378472e-06	3.01315241027083e-06	1.00438413675694e-05	1.50657620513542e-05
478	6.02630482054166e-06	4.01753654702778e-06	5.02192068378472e-06	4.01753654702778e-06	1.00438413675694e-05	9.0394572308125e-06
479	6.02630482054166e-06	1.40613779145972e-05	4.01753654702778e-06	1.00438413675694e-06	8.03507309405555e-06	1.50657620513542e-05
480	3.01315241027083e-06	6.02630482054166e-06	6.02630482054166e-06	3.01315241027083e-06	1.00438413675694e-05	9.0394572308125e-06
481	6.02630482054166e-06	2.00876827351389e-06	1.00438413675694e-06	2.00876827351389e-06	8.03507309405555e-06	1.50657620513542e-05
482	9.0394572308125e-06	6.02630482054166e-06	3.01315241027083e-06	4.01753654702778e-06	8.03507309405555e-06	6.02630482054166e-06
483	3.01315241027083e-06	1.20526096410833e-05	4.01753654702778e-06	5.02192068378472e-06	8.03507309405555e-06	1.50657620513542e-05
484	1.20526096410833e-05	4.01753654702778e-06	6.02630482054166e-06	2.00876827351389e-06	6.02630482054166e-06	1.20526096410833e-05
485	9.0394572308125e-06	1.00438413675694e-05	3.01315241027083e-06	2.00876827351389e-06	1.00438413675694e-05	1.20526096410833e-05
486	2.71183716924375e-05	8.03507309405555e-06	9.0394572308125e-06	2.00876827351389e-06	6.02630482054166e-06	1.8078914461625e-05
487	3.01315241027083e-06	4.01753654702778e-06	1.00438413675694e-06	4.01753654702778e-06	8.03507309405555e-06	1.20526096410833e-05
488	1.8078914461625e-05	6.02630482054166e-06	4.01753654702778e-06	5.02192068378472e-06	8.03507309405555e-06	6.02630482054166e-06
489	9.0394572308125e-06	8.03507309405555e-06	5.02192068378472e-06	5.02192068378472e-06	2.00876827351389e-06	2.10920668718958e-05
490	1.8078914461625e-05	8.03507309405555e-06	4.01753654702778e-06	3.01315241027083e-06	8.03507309405555e-06	6.02630482054166e-06
491	1.20526096410833e-05	1.20526096410833e-05	4.01753654702778e-06	1.00438413675694e-06	4.01753654702778e-06	3.01315241027083e-06
492	1.20526096410833e-05	4.01753654702778e-06	5.02192068378472e-06	9.0394572308125e-06	2.00876827351389e-06	3.01315241027083e-06
493	1.50657620513542e-05	2.00876827351389e-06	5.02192068378472e-06	5.02192068378472e-06	4.01753654702778e-06	0
494	1.50657620513542e-05	8.03507309405555e-06	2.00876827351389e-06	6.02630482054166e-06	4.01753654702778e-06	0
495	0	1.00438413675694e-05	9.0394572308125e-06	6.02630482054166e-06	0	0
496	0	4.01753654702778e-06	8.03507309405555e-06	9.0394572308125e-06	0	0
497	0	0	3.01315241027083e-06	0	0	0
498	0	0	0	0	0	0
499	0	0	0	0	0	0
500	0	0	0	0	0	0
